# serial: JuKKR_v3.1-1736-g9a1545a_intel_20210729190841
  10
   8.2826000      ALAT
# ZAT    52.00 52.00 52.00 83.00 83.00  0.00  0.00  0.00  0.00  0.00
# KAOEZ    1   2   3   4   5   6   7   8   9  10
      89
       1       1
  0.0000000000000000000E+00  0.0000000000000000000E+00  0.0000000000000000000E+00    1 52.0  0.000000000E+00
 -0.5000000000000000000E+00 -0.2886751345948128655E+00 -0.2318599767180007376E+00    8  0.0  0.622167487E+00
  0.5000000000000000000E+00 -0.2886751345948128655E+00 -0.2318599767180007376E+00    8  0.0  0.622167487E+00
  0.0000000000000000000E+00  0.5773502691896257311E+00 -0.2318599767180007376E+00    8  0.0  0.622167487E+00
  0.0000000000000000000E+00 -0.5773502691896257311E+00  0.2318599767179998494E+00    9  0.0  0.622167487E+00
 -0.5000000000000000000E+00  0.2886751345948128655E+00  0.2318599767179998494E+00    9  0.0  0.622167487E+00
  0.5000000000000000000E+00  0.2886751345948128655E+00  0.2318599767179998494E+00    9  0.0  0.622167487E+00
  0.0000000000000000000E+00  0.0000000000000000000E+00 -0.6955799301530003476E+00    7  0.0  0.695579930E+00
  0.0000000000000000000E+00  0.0000000000000000000E+00  0.6955799301539995483E+00    6  0.0  0.695579930E+00
  0.0000000000000000000E+00 -0.5773502691896257311E+00 -0.4637199534350004981E+00    5 83.0  0.740519769E+00
 -0.5000000000000000000E+00  0.2886751345948128655E+00 -0.4637199534350004981E+00    5 83.0  0.740519769E+00
  0.5000000000000000000E+00  0.2886751345948128655E+00 -0.4637199534350004981E+00    5 83.0  0.740519769E+00
 -0.5000000000000000000E+00 -0.2886751345948128655E+00  0.4637199534359996989E+00    4 83.0  0.740519769E+00
  0.5000000000000000000E+00 -0.2886751345948128655E+00  0.4637199534359996989E+00    4 83.0  0.740519769E+00
  0.0000000000000000000E+00  0.5773502691896257311E+00  0.4637199534359996989E+00    4 83.0  0.740519769E+00
 -0.5000000000000000000E+00 -0.8660254037844385966E+00  0.0000000000000000000E+00    1 52.0  0.100000000E+01
  0.5000000000000000000E+00 -0.8660254037844385966E+00  0.0000000000000000000E+00    1 52.0  0.100000000E+01
 -0.1000000000000000000E+01  0.0000000000000000000E+00  0.0000000000000000000E+00    1 52.0  0.100000000E+01
  0.1000000000000000000E+01  0.0000000000000000000E+00  0.0000000000000000000E+00    1 52.0  0.100000000E+01
 -0.5000000000000000000E+00  0.8660254037844385966E+00  0.0000000000000000000E+00    1 52.0  0.100000000E+01
  0.5000000000000000000E+00  0.8660254037844385966E+00  0.0000000000000000000E+00    1 52.0  0.100000000E+01
 -0.5000000000000000000E+00 -0.2886751345948128655E+00 -0.8439703152530002583E+00    2 52.0  0.102255524E+01
  0.5000000000000000000E+00 -0.2886751345948128655E+00 -0.8439703152530002583E+00    2 52.0  0.102255524E+01
  0.0000000000000000000E+00  0.5773502691896257311E+00 -0.8439703152530002583E+00    2 52.0  0.102255524E+01
  0.0000000000000000000E+00 -0.5773502691896257311E+00  0.8439703152529993702E+00    3 52.0  0.102255524E+01
 -0.5000000000000000000E+00  0.2886751345948128655E+00  0.8439703152529993702E+00    3 52.0  0.102255524E+01
  0.5000000000000000000E+00  0.2886751345948128655E+00  0.8439703152529993702E+00    3 52.0  0.102255524E+01
  0.0000000000000000000E+00 -0.1154700538379251462E+01 -0.2318599767180007376E+00    8  0.0  0.117774886E+01
 -0.1000000000000000000E+01  0.5773502691896257311E+00 -0.2318599767180007376E+00    8  0.0  0.117774886E+01
  0.1000000000000000000E+01  0.5773502691896257311E+00 -0.2318599767180007376E+00    8  0.0  0.117774886E+01
 -0.1000000000000000000E+01 -0.5773502691896257311E+00  0.2318599767179998494E+00    9  0.0  0.117774886E+01
  0.1000000000000000000E+01 -0.5773502691896257311E+00  0.2318599767179998494E+00    9  0.0  0.117774886E+01
  0.0000000000000000000E+00  0.1154700538379251462E+01  0.2318599767179998494E+00    9  0.0  0.117774886E+01
 -0.5000000000000000000E+00 -0.8660254037844385966E+00 -0.6955799301530003476E+00    7  0.0  0.121812620E+01
  0.5000000000000000000E+00 -0.8660254037844385966E+00 -0.6955799301530003476E+00    7  0.0  0.121812620E+01
 -0.1000000000000000000E+01  0.0000000000000000000E+00 -0.6955799301530003476E+00    7  0.0  0.121812620E+01
  0.1000000000000000000E+01  0.0000000000000000000E+00 -0.6955799301530003476E+00    7  0.0  0.121812620E+01
 -0.5000000000000000000E+00  0.8660254037844385966E+00 -0.6955799301530003476E+00    7  0.0  0.121812620E+01
  0.5000000000000000000E+00  0.8660254037844385966E+00 -0.6955799301530003476E+00    7  0.0  0.121812620E+01
 -0.5000000000000000000E+00 -0.8660254037844385966E+00  0.6955799301539995483E+00    6  0.0  0.121812620E+01
  0.5000000000000000000E+00 -0.8660254037844385966E+00  0.6955799301539995483E+00    6  0.0  0.121812620E+01
 -0.1000000000000000000E+01  0.0000000000000000000E+00  0.6955799301539995483E+00    6  0.0  0.121812620E+01
  0.1000000000000000000E+01  0.0000000000000000000E+00  0.6955799301539995483E+00    6  0.0  0.121812620E+01
 -0.5000000000000000000E+00  0.8660254037844385966E+00  0.6955799301539995483E+00    6  0.0  0.121812620E+01
  0.5000000000000000000E+00  0.8660254037844385966E+00  0.6955799301539995483E+00    6  0.0  0.121812620E+01
 -0.1000000000000000000E+01 -0.5773502691896257311E+00 -0.4637199534350004981E+00    5 83.0  0.124433497E+01
  0.1000000000000000000E+01 -0.5773502691896257311E+00 -0.4637199534350004981E+00    5 83.0  0.124433497E+01
  0.0000000000000000000E+00  0.1154700538379251462E+01 -0.4637199534350004981E+00    5 83.0  0.124433497E+01
  0.0000000000000000000E+00 -0.1154700538379251462E+01  0.4637199534359996989E+00    4 83.0  0.124433497E+01
 -0.1000000000000000000E+01  0.5773502691896257311E+00  0.4637199534359996989E+00    4 83.0  0.124433497E+01
  0.1000000000000000000E+01  0.5773502691896257311E+00  0.4637199534359996989E+00    4 83.0  0.124433497E+01
  0.0000000000000000000E+00 -0.5773502691896257311E+00 -0.1159299883589000935E+01   10  0.0  0.129510986E+01
 -0.5000000000000000000E+00  0.2886751345948128655E+00 -0.1159299883589000935E+01   10  0.0  0.129510986E+01
  0.5000000000000000000E+00  0.2886751345948128655E+00 -0.1159299883589000935E+01   10  0.0  0.129510986E+01
 -0.5000000000000000000E+00 -0.2886751345948128655E+00  0.1159299883589999247E+01   10  0.0  0.129510986E+01
  0.5000000000000000000E+00 -0.2886751345948128655E+00  0.1159299883589999247E+01   10  0.0  0.129510986E+01
  0.0000000000000000000E+00  0.5773502691896257311E+00  0.1159299883589999247E+01   10  0.0  0.129510986E+01
  0.0000000000000000000E+00 -0.1154700538379251462E+01 -0.8439703152530002583E+00    2 52.0  0.143025146E+01
 -0.1000000000000000000E+01  0.5773502691896257311E+00 -0.8439703152530002583E+00    2 52.0  0.143025146E+01
  0.1000000000000000000E+01  0.5773502691896257311E+00 -0.8439703152530002583E+00    2 52.0  0.143025146E+01
 -0.1000000000000000000E+01 -0.5773502691896257311E+00  0.8439703152529993702E+00    3 52.0  0.143025146E+01
  0.1000000000000000000E+01 -0.5773502691896257311E+00  0.8439703152529993702E+00    3 52.0  0.143025146E+01
  0.0000000000000000000E+00  0.1154700538379251462E+01  0.8439703152529993702E+00    3 52.0  0.143025146E+01
  0.0000000000000000000E+00  0.0000000000000000000E+00 -0.1474629451926000812E+01    3 52.0  0.147462945E+01
  0.0000000000000000000E+00  0.0000000000000000000E+00  0.1474629451925999923E+01    2 52.0  0.147462945E+01
 -0.1000000000000000000E+01 -0.1154700538379251462E+01 -0.2318599767180007376E+00    8  0.0  0.154502181E+01
  0.1000000000000000000E+01 -0.1154700538379251462E+01 -0.2318599767180007376E+00    8  0.0  0.154502181E+01
 -0.1500000000000000000E+01 -0.2886751345948128655E+00 -0.2318599767180007376E+00    8  0.0  0.154502181E+01
  0.1500000000000000000E+01 -0.2886751345948128655E+00 -0.2318599767180007376E+00    8  0.0  0.154502181E+01
 -0.5000000000000000000E+00  0.1443375672974064328E+01 -0.2318599767180007376E+00    8  0.0  0.154502181E+01
  0.5000000000000000000E+00  0.1443375672974064328E+01 -0.2318599767180007376E+00    8  0.0  0.154502181E+01
 -0.5000000000000000000E+00 -0.1443375672974064328E+01  0.2318599767179998494E+00    9  0.0  0.154502181E+01
  0.5000000000000000000E+00 -0.1443375672974064328E+01  0.2318599767179998494E+00    9  0.0  0.154502181E+01
 -0.1500000000000000000E+01  0.2886751345948128655E+00  0.2318599767179998494E+00    9  0.0  0.154502181E+01
  0.1500000000000000000E+01  0.2886751345948128655E+00  0.2318599767179998494E+00    9  0.0  0.154502181E+01
 -0.1000000000000000000E+01  0.1154700538379251462E+01  0.2318599767179998494E+00    9  0.0  0.154502181E+01
  0.1000000000000000000E+01  0.1154700538379251462E+01  0.2318599767179998494E+00    9  0.0  0.154502181E+01
 -0.5000000000000000000E+00 -0.1443375672974064328E+01 -0.4637199534350004981E+00    5 83.0  0.159636134E+01
  0.5000000000000000000E+00 -0.1443375672974064328E+01 -0.4637199534350004981E+00    5 83.0  0.159636134E+01
 -0.1500000000000000000E+01  0.2886751345948128655E+00 -0.4637199534350004981E+00    5 83.0  0.159636134E+01
  0.1500000000000000000E+01  0.2886751345948128655E+00 -0.4637199534350004981E+00    5 83.0  0.159636134E+01
 -0.1000000000000000000E+01  0.1154700538379251462E+01 -0.4637199534350004981E+00    5 83.0  0.159636134E+01
  0.1000000000000000000E+01  0.1154700538379251462E+01 -0.4637199534350004981E+00    5 83.0  0.159636134E+01
 -0.1000000000000000000E+01 -0.1154700538379251462E+01  0.4637199534359996989E+00    4 83.0  0.159636134E+01
  0.1000000000000000000E+01 -0.1154700538379251462E+01  0.4637199534359996989E+00    4 83.0  0.159636134E+01
 -0.1500000000000000000E+01 -0.2886751345948128655E+00  0.4637199534359996989E+00    4 83.0  0.159636134E+01
  0.1500000000000000000E+01 -0.2886751345948128655E+00  0.4637199534359996989E+00    4 83.0  0.159636134E+01
 -0.5000000000000000000E+00  0.1443375672974064328E+01  0.4637199534359996989E+00    4 83.0  0.159636134E+01
  0.5000000000000000000E+00  0.1443375672974064328E+01  0.4637199534359996989E+00    4 83.0  0.159636134E+01
      86
       2       2
  0.0000000000000000000E+00  0.0000000000000000000E+00  0.0000000000000000000E+00    2 52.0  0.000000000E+00
  0.0000000000000000000E+00 -0.5773502691896257311E+00  0.1483903850999999108E+00    7  0.0  0.596114955E+00
 -0.5000000000000000000E+00  0.2886751345948128655E+00  0.1483903850999999108E+00    7  0.0  0.596114955E+00
  0.5000000000000000000E+00  0.2886751345948128655E+00  0.1483903850999999108E+00    7  0.0  0.596114955E+00
  0.0000000000000000000E+00  0.0000000000000000000E+00  0.6121103385349995207E+00    8  0.0  0.612110339E+00
 -0.5000000000000000000E+00 -0.2886751345948128655E+00 -0.3153295683360006763E+00   10  0.0  0.657849580E+00
  0.5000000000000000000E+00 -0.2886751345948128655E+00 -0.3153295683360006763E+00   10  0.0  0.657849580E+00
  0.0000000000000000000E+00  0.5773502691896257311E+00 -0.3153295683360006763E+00   10  0.0  0.657849580E+00
 -0.5000000000000000000E+00 -0.2886751345948128655E+00  0.3802503618179997602E+00    5 83.0  0.691320238E+00
  0.5000000000000000000E+00 -0.2886751345948128655E+00  0.3802503618179997602E+00    5 83.0  0.691320238E+00
  0.0000000000000000000E+00  0.5773502691896257311E+00  0.3802503618179997602E+00    5 83.0  0.691320238E+00
  0.0000000000000000000E+00  0.0000000000000000000E+00 -0.7790495217720003751E+00    6  0.0  0.779049522E+00
  0.0000000000000000000E+00 -0.5773502691896257311E+00 -0.6306591366730005532E+00    3 52.0  0.855022970E+00
 -0.5000000000000000000E+00  0.2886751345948128655E+00 -0.6306591366730005532E+00    3 52.0  0.855022970E+00
  0.5000000000000000000E+00  0.2886751345948128655E+00 -0.6306591366730005532E+00    3 52.0  0.855022970E+00
 -0.5000000000000000000E+00 -0.8660254037844385966E+00  0.0000000000000000000E+00    2 52.0  0.100000000E+01
  0.5000000000000000000E+00 -0.8660254037844385966E+00  0.0000000000000000000E+00    2 52.0  0.100000000E+01
 -0.1000000000000000000E+01  0.0000000000000000000E+00  0.0000000000000000000E+00    2 52.0  0.100000000E+01
  0.1000000000000000000E+01  0.0000000000000000000E+00  0.0000000000000000000E+00    2 52.0  0.100000000E+01
 -0.5000000000000000000E+00  0.8660254037844385966E+00  0.0000000000000000000E+00    2 52.0  0.100000000E+01
  0.5000000000000000000E+00  0.8660254037844385966E+00  0.0000000000000000000E+00    2 52.0  0.100000000E+01
  0.0000000000000000000E+00 -0.5773502691896257311E+00  0.8439703152530002583E+00    1 52.0  0.102255524E+01
 -0.5000000000000000000E+00  0.2886751345948128655E+00  0.8439703152530002583E+00    1 52.0  0.102255524E+01
  0.5000000000000000000E+00  0.2886751345948128655E+00  0.8439703152530002583E+00    1 52.0  0.102255524E+01
 -0.5000000000000000000E+00 -0.2886751345948128655E+00 -0.1010909498490000225E+01    4 83.0  0.116416122E+01
  0.5000000000000000000E+00 -0.2886751345948128655E+00 -0.1010909498490000225E+01    4 83.0  0.116416122E+01
  0.0000000000000000000E+00  0.5773502691896257311E+00 -0.1010909498490000225E+01    4 83.0  0.116416122E+01
 -0.1000000000000000000E+01 -0.5773502691896257311E+00  0.1483903850999999108E+00    7  0.0  0.116419631E+01
  0.1000000000000000000E+01 -0.5773502691896257311E+00  0.1483903850999999108E+00    7  0.0  0.116419631E+01
  0.0000000000000000000E+00  0.1154700538379251462E+01  0.1483903850999999108E+00    7  0.0  0.116419631E+01
 -0.5000000000000000000E+00 -0.8660254037844385966E+00  0.6121103385349995207E+00    8  0.0  0.117246709E+01
  0.5000000000000000000E+00 -0.8660254037844385966E+00  0.6121103385349995207E+00    8  0.0  0.117246709E+01
 -0.1000000000000000000E+01  0.0000000000000000000E+00  0.6121103385349995207E+00    8  0.0  0.117246709E+01
  0.1000000000000000000E+01  0.0000000000000000000E+00  0.6121103385349995207E+00    8  0.0  0.117246709E+01
 -0.5000000000000000000E+00  0.8660254037844385966E+00  0.6121103385349995207E+00    8  0.0  0.117246709E+01
  0.5000000000000000000E+00  0.8660254037844385966E+00  0.6121103385349995207E+00    8  0.0  0.117246709E+01
  0.0000000000000000000E+00 -0.1154700538379251462E+01 -0.3153295683360006763E+00   10  0.0  0.119698207E+01
 -0.1000000000000000000E+01  0.5773502691896257311E+00 -0.3153295683360006763E+00   10  0.0  0.119698207E+01
  0.1000000000000000000E+01  0.5773502691896257311E+00 -0.3153295683360006763E+00   10  0.0  0.119698207E+01
  0.0000000000000000000E+00 -0.1154700538379251462E+01  0.3802503618179997602E+00    5 83.0  0.121569884E+01
 -0.1000000000000000000E+01  0.5773502691896257311E+00  0.3802503618179997602E+00    5 83.0  0.121569884E+01
  0.1000000000000000000E+01  0.5773502691896257311E+00  0.3802503618179997602E+00    5 83.0  0.121569884E+01
 -0.5000000000000000000E+00 -0.2886751345948128655E+00  0.1075830291971000108E+01    9  0.0  0.122096034E+01
  0.5000000000000000000E+00 -0.2886751345948128655E+00  0.1075830291971000108E+01    9  0.0  0.122096034E+01
  0.0000000000000000000E+00  0.5773502691896257311E+00  0.1075830291971000108E+01    9  0.0  0.122096034E+01
 -0.5000000000000000000E+00 -0.8660254037844385966E+00 -0.7790495217720003751E+00    6  0.0  0.126764276E+01
  0.5000000000000000000E+00 -0.8660254037844385966E+00 -0.7790495217720003751E+00    6  0.0  0.126764276E+01
 -0.1000000000000000000E+01  0.0000000000000000000E+00 -0.7790495217720003751E+00    6  0.0  0.126764276E+01
  0.1000000000000000000E+01  0.0000000000000000000E+00 -0.7790495217720003751E+00    6  0.0  0.126764276E+01
 -0.5000000000000000000E+00  0.8660254037844385966E+00 -0.7790495217720003751E+00    6  0.0  0.126764276E+01
  0.5000000000000000000E+00  0.8660254037844385966E+00 -0.7790495217720003751E+00    6  0.0  0.126764276E+01
  0.0000000000000000000E+00  0.0000000000000000000E+00  0.1307690268688999957E+01    4 83.0  0.130769027E+01
 -0.1000000000000000000E+01 -0.5773502691896257311E+00 -0.6306591366730005532E+00    3 52.0  0.131569916E+01
  0.1000000000000000000E+01 -0.5773502691896257311E+00 -0.6306591366730005532E+00    3 52.0  0.131569916E+01
  0.0000000000000000000E+00  0.1154700538379251462E+01 -0.6306591366730005532E+00    3 52.0  0.131569916E+01
  0.0000000000000000000E+00 -0.5773502691896257311E+00 -0.1242769475208000074E+01    9  0.0  0.137033182E+01
 -0.5000000000000000000E+00  0.2886751345948128655E+00 -0.1242769475208000074E+01    9  0.0  0.137033182E+01
  0.5000000000000000000E+00  0.2886751345948128655E+00 -0.1242769475208000074E+01    9  0.0  0.137033182E+01
 -0.1000000000000000000E+01 -0.5773502691896257311E+00  0.8439703152530002583E+00    1 52.0  0.143025146E+01
  0.1000000000000000000E+01 -0.5773502691896257311E+00  0.8439703152530002583E+00    1 52.0  0.143025146E+01
  0.0000000000000000000E+00  0.1154700538379251462E+01  0.8439703152530002583E+00    1 52.0  0.143025146E+01
  0.0000000000000000000E+00  0.0000000000000000000E+00 -0.1474629451925999923E+01    1 52.0  0.147462945E+01
  0.0000000000000000000E+00 -0.1154700538379251462E+01 -0.1010909498490000225E+01    4 83.0  0.153468933E+01
 -0.1000000000000000000E+01  0.5773502691896257311E+00 -0.1010909498490000225E+01    4 83.0  0.153468933E+01
  0.1000000000000000000E+01  0.5773502691896257311E+00 -0.1010909498490000225E+01    4 83.0  0.153468933E+01
 -0.5000000000000000000E+00 -0.1443375672974064328E+01  0.1483903850999999108E+00    7  0.0  0.153471595E+01
  0.5000000000000000000E+00 -0.1443375672974064328E+01  0.1483903850999999108E+00    7  0.0  0.153471595E+01
 -0.1500000000000000000E+01  0.2886751345948128655E+00  0.1483903850999999108E+00    7  0.0  0.153471595E+01
  0.1500000000000000000E+01  0.2886751345948128655E+00  0.1483903850999999108E+00    7  0.0  0.153471595E+01
 -0.1000000000000000000E+01  0.1154700538379251462E+01  0.1483903850999999108E+00    7  0.0  0.153471595E+01
  0.1000000000000000000E+01  0.1154700538379251462E+01  0.1483903850999999108E+00    7  0.0  0.153471595E+01
 -0.1000000000000000000E+01 -0.1154700538379251462E+01 -0.3153295683360006763E+00   10  0.0  0.155973269E+01
  0.1000000000000000000E+01 -0.1154700538379251462E+01 -0.3153295683360006763E+00   10  0.0  0.155973269E+01
 -0.1500000000000000000E+01 -0.2886751345948128655E+00 -0.3153295683360006763E+00   10  0.0  0.155973269E+01
  0.1500000000000000000E+01 -0.2886751345948128655E+00 -0.3153295683360006763E+00   10  0.0  0.155973269E+01
 -0.5000000000000000000E+00  0.1443375672974064328E+01 -0.3153295683360006763E+00   10  0.0  0.155973269E+01
  0.5000000000000000000E+00  0.1443375672974064328E+01 -0.3153295683360006763E+00   10  0.0  0.155973269E+01
 -0.1000000000000000000E+01 -0.1154700538379251462E+01  0.3802503618179997602E+00    5 83.0  0.157414220E+01
  0.1000000000000000000E+01 -0.1154700538379251462E+01  0.3802503618179997602E+00    5 83.0  0.157414220E+01
 -0.1500000000000000000E+01 -0.2886751345948128655E+00  0.3802503618179997602E+00    5 83.0  0.157414220E+01
  0.1500000000000000000E+01 -0.2886751345948128655E+00  0.3802503618179997602E+00    5 83.0  0.157414220E+01
 -0.5000000000000000000E+00  0.1443375672974064328E+01  0.3802503618179997602E+00    5 83.0  0.157414220E+01
  0.5000000000000000000E+00  0.1443375672974064328E+01  0.3802503618179997602E+00    5 83.0  0.157414220E+01
  0.0000000000000000000E+00 -0.1154700538379251462E+01  0.1075830291971000108E+01    9  0.0  0.157820916E+01
 -0.1000000000000000000E+01  0.5773502691896257311E+00  0.1075830291971000108E+01    9  0.0  0.157820916E+01
  0.1000000000000000000E+01  0.5773502691896257311E+00  0.1075830291971000108E+01    9  0.0  0.157820916E+01
      86
       3       3
  0.0000000000000000000E+00  0.0000000000000000000E+00  0.0000000000000000000E+00    3 52.0  0.000000000E+00
 -0.5000000000000000000E+00 -0.2886751345948128655E+00 -0.1483903850989998219E+00    6  0.0  0.596114955E+00
  0.5000000000000000000E+00 -0.2886751345948128655E+00 -0.1483903850989998219E+00    6  0.0  0.596114955E+00
  0.0000000000000000000E+00  0.5773502691896257311E+00 -0.1483903850989998219E+00    6  0.0  0.596114955E+00
  0.0000000000000000000E+00  0.0000000000000000000E+00 -0.6121103385349995207E+00    9  0.0  0.612110339E+00
  0.0000000000000000000E+00 -0.5773502691896257311E+00  0.3153295683369998770E+00   10  0.0  0.657849580E+00
 -0.5000000000000000000E+00  0.2886751345948128655E+00  0.3153295683369998770E+00   10  0.0  0.657849580E+00
  0.5000000000000000000E+00  0.2886751345948128655E+00  0.3153295683369998770E+00   10  0.0  0.657849580E+00
  0.0000000000000000000E+00 -0.5773502691896257311E+00 -0.3802503618169996713E+00    4 83.0  0.691320238E+00
 -0.5000000000000000000E+00  0.2886751345948128655E+00 -0.3802503618169996713E+00    4 83.0  0.691320238E+00
  0.5000000000000000000E+00  0.2886751345948128655E+00 -0.3802503618169996713E+00    4 83.0  0.691320238E+00
  0.0000000000000000000E+00  0.0000000000000000000E+00  0.7790495217730004640E+00    7  0.0  0.779049522E+00
 -0.5000000000000000000E+00 -0.2886751345948128655E+00  0.6306591366730005532E+00    2 52.0  0.855022970E+00
  0.5000000000000000000E+00 -0.2886751345948128655E+00  0.6306591366730005532E+00    2 52.0  0.855022970E+00
  0.0000000000000000000E+00  0.5773502691896257311E+00  0.6306591366730005532E+00    2 52.0  0.855022970E+00
 -0.5000000000000000000E+00 -0.8660254037844385966E+00  0.0000000000000000000E+00    3 52.0  0.100000000E+01
  0.5000000000000000000E+00 -0.8660254037844385966E+00  0.0000000000000000000E+00    3 52.0  0.100000000E+01
 -0.1000000000000000000E+01  0.0000000000000000000E+00  0.0000000000000000000E+00    3 52.0  0.100000000E+01
  0.1000000000000000000E+01  0.0000000000000000000E+00  0.0000000000000000000E+00    3 52.0  0.100000000E+01
 -0.5000000000000000000E+00  0.8660254037844385966E+00  0.0000000000000000000E+00    3 52.0  0.100000000E+01
  0.5000000000000000000E+00  0.8660254037844385966E+00  0.0000000000000000000E+00    3 52.0  0.100000000E+01
 -0.5000000000000000000E+00 -0.2886751345948128655E+00 -0.8439703152529993702E+00    1 52.0  0.102255524E+01
  0.5000000000000000000E+00 -0.2886751345948128655E+00 -0.8439703152529993702E+00    1 52.0  0.102255524E+01
  0.0000000000000000000E+00  0.5773502691896257311E+00 -0.8439703152529993702E+00    1 52.0  0.102255524E+01
  0.0000000000000000000E+00 -0.1154700538379251462E+01 -0.1483903850989998219E+00    6  0.0  0.116419631E+01
 -0.1000000000000000000E+01  0.5773502691896257311E+00 -0.1483903850989998219E+00    6  0.0  0.116419631E+01
  0.1000000000000000000E+01  0.5773502691896257311E+00 -0.1483903850989998219E+00    6  0.0  0.116419631E+01
  0.0000000000000000000E+00 -0.5773502691896257311E+00  0.1010909498491000313E+01    5 83.0  0.116416122E+01
 -0.5000000000000000000E+00  0.2886751345948128655E+00  0.1010909498491000313E+01    5 83.0  0.116416122E+01
  0.5000000000000000000E+00  0.2886751345948128655E+00  0.1010909498491000313E+01    5 83.0  0.116416122E+01
 -0.5000000000000000000E+00 -0.8660254037844385966E+00 -0.6121103385349995207E+00    9  0.0  0.117246709E+01
  0.5000000000000000000E+00 -0.8660254037844385966E+00 -0.6121103385349995207E+00    9  0.0  0.117246709E+01
 -0.1000000000000000000E+01  0.0000000000000000000E+00 -0.6121103385349995207E+00    9  0.0  0.117246709E+01
  0.1000000000000000000E+01  0.0000000000000000000E+00 -0.6121103385349995207E+00    9  0.0  0.117246709E+01
 -0.5000000000000000000E+00  0.8660254037844385966E+00 -0.6121103385349995207E+00    9  0.0  0.117246709E+01
  0.5000000000000000000E+00  0.8660254037844385966E+00 -0.6121103385349995207E+00    9  0.0  0.117246709E+01
 -0.1000000000000000000E+01 -0.5773502691896257311E+00  0.3153295683369998770E+00   10  0.0  0.119698207E+01
  0.1000000000000000000E+01 -0.5773502691896257311E+00  0.3153295683369998770E+00   10  0.0  0.119698207E+01
  0.0000000000000000000E+00  0.1154700538379251462E+01  0.3153295683369998770E+00   10  0.0  0.119698207E+01
 -0.1000000000000000000E+01 -0.5773502691896257311E+00 -0.3802503618169996713E+00    4 83.0  0.121569884E+01
  0.1000000000000000000E+01 -0.5773502691896257311E+00 -0.3802503618169996713E+00    4 83.0  0.121569884E+01
  0.0000000000000000000E+00  0.1154700538379251462E+01 -0.3802503618169996713E+00    4 83.0  0.121569884E+01
  0.0000000000000000000E+00 -0.5773502691896257311E+00 -0.1075830291971000108E+01    8  0.0  0.122096034E+01
 -0.5000000000000000000E+00  0.2886751345948128655E+00 -0.1075830291971000108E+01    8  0.0  0.122096034E+01
  0.5000000000000000000E+00  0.2886751345948128655E+00 -0.1075830291971000108E+01    8  0.0  0.122096034E+01
 -0.5000000000000000000E+00 -0.8660254037844385966E+00  0.7790495217730004640E+00    7  0.0  0.126764276E+01
  0.5000000000000000000E+00 -0.8660254037844385966E+00  0.7790495217730004640E+00    7  0.0  0.126764276E+01
 -0.1000000000000000000E+01  0.0000000000000000000E+00  0.7790495217730004640E+00    7  0.0  0.126764276E+01
  0.1000000000000000000E+01  0.0000000000000000000E+00  0.7790495217730004640E+00    7  0.0  0.126764276E+01
 -0.5000000000000000000E+00  0.8660254037844385966E+00  0.7790495217730004640E+00    7  0.0  0.126764276E+01
  0.5000000000000000000E+00  0.8660254037844385966E+00  0.7790495217730004640E+00    7  0.0  0.126764276E+01
  0.0000000000000000000E+00  0.0000000000000000000E+00 -0.1307690268687999868E+01    5 83.0  0.130769027E+01
  0.0000000000000000000E+00 -0.1154700538379251462E+01  0.6306591366730005532E+00    2 52.0  0.131569916E+01
 -0.1000000000000000000E+01  0.5773502691896257311E+00  0.6306591366730005532E+00    2 52.0  0.131569916E+01
  0.1000000000000000000E+01  0.5773502691896257311E+00  0.6306591366730005532E+00    2 52.0  0.131569916E+01
 -0.5000000000000000000E+00 -0.2886751345948128655E+00  0.1242769475208000074E+01    8  0.0  0.137033182E+01
  0.5000000000000000000E+00 -0.2886751345948128655E+00  0.1242769475208000074E+01    8  0.0  0.137033182E+01
  0.0000000000000000000E+00  0.5773502691896257311E+00  0.1242769475208000074E+01    8  0.0  0.137033182E+01
  0.0000000000000000000E+00 -0.1154700538379251462E+01 -0.8439703152529993702E+00    1 52.0  0.143025146E+01
 -0.1000000000000000000E+01  0.5773502691896257311E+00 -0.8439703152529993702E+00    1 52.0  0.143025146E+01
  0.1000000000000000000E+01  0.5773502691896257311E+00 -0.8439703152529993702E+00    1 52.0  0.143025146E+01
  0.0000000000000000000E+00  0.0000000000000000000E+00  0.1474629451926000812E+01    1 52.0  0.147462945E+01
 -0.1000000000000000000E+01 -0.1154700538379251462E+01 -0.1483903850989998219E+00    6  0.0  0.153471595E+01
  0.1000000000000000000E+01 -0.1154700538379251462E+01 -0.1483903850989998219E+00    6  0.0  0.153471595E+01
 -0.1500000000000000000E+01 -0.2886751345948128655E+00 -0.1483903850989998219E+00    6  0.0  0.153471595E+01
  0.1500000000000000000E+01 -0.2886751345948128655E+00 -0.1483903850989998219E+00    6  0.0  0.153471595E+01
 -0.5000000000000000000E+00  0.1443375672974064328E+01 -0.1483903850989998219E+00    6  0.0  0.153471595E+01
  0.5000000000000000000E+00  0.1443375672974064328E+01 -0.1483903850989998219E+00    6  0.0  0.153471595E+01
 -0.1000000000000000000E+01 -0.5773502691896257311E+00  0.1010909498491000313E+01    5 83.0  0.153468933E+01
  0.1000000000000000000E+01 -0.5773502691896257311E+00  0.1010909498491000313E+01    5 83.0  0.153468933E+01
  0.0000000000000000000E+00  0.1154700538379251462E+01  0.1010909498491000313E+01    5 83.0  0.153468933E+01
 -0.5000000000000000000E+00 -0.1443375672974064328E+01  0.3153295683369998770E+00   10  0.0  0.155973269E+01
  0.5000000000000000000E+00 -0.1443375672974064328E+01  0.3153295683369998770E+00   10  0.0  0.155973269E+01
 -0.1500000000000000000E+01  0.2886751345948128655E+00  0.3153295683369998770E+00   10  0.0  0.155973269E+01
  0.1500000000000000000E+01  0.2886751345948128655E+00  0.3153295683369998770E+00   10  0.0  0.155973269E+01
 -0.1000000000000000000E+01  0.1154700538379251462E+01  0.3153295683369998770E+00   10  0.0  0.155973269E+01
  0.1000000000000000000E+01  0.1154700538379251462E+01  0.3153295683369998770E+00   10  0.0  0.155973269E+01
 -0.5000000000000000000E+00 -0.1443375672974064328E+01 -0.3802503618169996713E+00    4 83.0  0.157414220E+01
  0.5000000000000000000E+00 -0.1443375672974064328E+01 -0.3802503618169996713E+00    4 83.0  0.157414220E+01
 -0.1500000000000000000E+01  0.2886751345948128655E+00 -0.3802503618169996713E+00    4 83.0  0.157414220E+01
  0.1500000000000000000E+01  0.2886751345948128655E+00 -0.3802503618169996713E+00    4 83.0  0.157414220E+01
 -0.1000000000000000000E+01  0.1154700538379251462E+01 -0.3802503618169996713E+00    4 83.0  0.157414220E+01
  0.1000000000000000000E+01  0.1154700538379251462E+01 -0.3802503618169996713E+00    4 83.0  0.157414220E+01
 -0.1000000000000000000E+01 -0.5773502691896257311E+00 -0.1075830291971000108E+01    8  0.0  0.157820916E+01
  0.1000000000000000000E+01 -0.5773502691896257311E+00 -0.1075830291971000108E+01    8  0.0  0.157820916E+01
  0.0000000000000000000E+00  0.1154700538379251462E+01 -0.1075830291971000108E+01    8  0.0  0.157820916E+01
      89
       4       4
  0.0000000000000000000E+00  0.0000000000000000000E+00  0.0000000000000000000E+00    4 83.0  0.000000000E+00
 -0.5000000000000000000E+00 -0.2886751345948128655E+00 -0.2318599767179998494E+00    9  0.0  0.622167487E+00
  0.5000000000000000000E+00 -0.2886751345948128655E+00 -0.2318599767179998494E+00    9  0.0  0.622167487E+00
  0.0000000000000000000E+00  0.5773502691896257311E+00 -0.2318599767179998494E+00    9  0.0  0.622167487E+00
  0.0000000000000000000E+00 -0.5773502691896257311E+00  0.2318599767179998494E+00    6  0.0  0.622167487E+00
 -0.5000000000000000000E+00  0.2886751345948128655E+00  0.2318599767179998494E+00    6  0.0  0.622167487E+00
  0.5000000000000000000E+00  0.2886751345948128655E+00  0.2318599767179998494E+00    6  0.0  0.622167487E+00
 -0.5000000000000000000E+00 -0.2886751345948128655E+00  0.3802503618169996713E+00    3 52.0  0.691320238E+00
  0.5000000000000000000E+00 -0.2886751345948128655E+00  0.3802503618169996713E+00    3 52.0  0.691320238E+00
  0.0000000000000000000E+00  0.5773502691896257311E+00  0.3802503618169996713E+00    3 52.0  0.691320238E+00
  0.0000000000000000000E+00  0.0000000000000000000E+00 -0.6955799301540004365E+00    8  0.0  0.695579930E+00
  0.0000000000000000000E+00  0.0000000000000000000E+00  0.6955799301539995483E+00   10  0.0  0.695579930E+00
  0.0000000000000000000E+00 -0.5773502691896257311E+00 -0.4637199534359996989E+00    1 52.0  0.740519769E+00
 -0.5000000000000000000E+00  0.2886751345948128655E+00 -0.4637199534359996989E+00    1 52.0  0.740519769E+00
  0.5000000000000000000E+00  0.2886751345948128655E+00 -0.4637199534359996989E+00    1 52.0  0.740519769E+00
 -0.5000000000000000000E+00 -0.8660254037844385966E+00  0.0000000000000000000E+00    4 83.0  0.100000000E+01
  0.5000000000000000000E+00 -0.8660254037844385966E+00  0.0000000000000000000E+00    4 83.0  0.100000000E+01
 -0.1000000000000000000E+01  0.0000000000000000000E+00  0.0000000000000000000E+00    4 83.0  0.100000000E+01
  0.1000000000000000000E+01  0.0000000000000000000E+00  0.0000000000000000000E+00    4 83.0  0.100000000E+01
 -0.5000000000000000000E+00  0.8660254037844385966E+00  0.0000000000000000000E+00    4 83.0  0.100000000E+01
  0.5000000000000000000E+00  0.8660254037844385966E+00  0.0000000000000000000E+00    4 83.0  0.100000000E+01
 -0.5000000000000000000E+00 -0.2886751345948128655E+00 -0.9274399068710001970E+00    5 83.0  0.109246424E+01
  0.5000000000000000000E+00 -0.2886751345948128655E+00 -0.9274399068710001970E+00    5 83.0  0.109246424E+01
  0.0000000000000000000E+00  0.5773502691896257311E+00 -0.9274399068710001970E+00    5 83.0  0.109246424E+01
  0.0000000000000000000E+00 -0.5773502691896257311E+00  0.1010909498490000225E+01    2 52.0  0.116416122E+01
 -0.5000000000000000000E+00  0.2886751345948128655E+00  0.1010909498490000225E+01    2 52.0  0.116416122E+01
  0.5000000000000000000E+00  0.2886751345948128655E+00  0.1010909498490000225E+01    2 52.0  0.116416122E+01
  0.0000000000000000000E+00 -0.1154700538379251462E+01 -0.2318599767179998494E+00    9  0.0  0.117774886E+01
 -0.1000000000000000000E+01  0.5773502691896257311E+00 -0.2318599767179998494E+00    9  0.0  0.117774886E+01
  0.1000000000000000000E+01  0.5773502691896257311E+00 -0.2318599767179998494E+00    9  0.0  0.117774886E+01
 -0.1000000000000000000E+01 -0.5773502691896257311E+00  0.2318599767179998494E+00    6  0.0  0.117774886E+01
  0.1000000000000000000E+01 -0.5773502691896257311E+00  0.2318599767179998494E+00    6  0.0  0.117774886E+01
  0.0000000000000000000E+00  0.1154700538379251462E+01  0.2318599767179998494E+00    6  0.0  0.117774886E+01
  0.0000000000000000000E+00 -0.1154700538379251462E+01  0.3802503618169996713E+00    3 52.0  0.121569884E+01
 -0.1000000000000000000E+01  0.5773502691896257311E+00  0.3802503618169996713E+00    3 52.0  0.121569884E+01
  0.1000000000000000000E+01  0.5773502691896257311E+00  0.3802503618169996713E+00    3 52.0  0.121569884E+01
 -0.5000000000000000000E+00 -0.8660254037844385966E+00 -0.6955799301540004365E+00    8  0.0  0.121812620E+01
  0.5000000000000000000E+00 -0.8660254037844385966E+00 -0.6955799301540004365E+00    8  0.0  0.121812620E+01
 -0.1000000000000000000E+01  0.0000000000000000000E+00 -0.6955799301540004365E+00    8  0.0  0.121812620E+01
  0.1000000000000000000E+01  0.0000000000000000000E+00 -0.6955799301540004365E+00    8  0.0  0.121812620E+01
 -0.5000000000000000000E+00  0.8660254037844385966E+00 -0.6955799301540004365E+00    8  0.0  0.121812620E+01
  0.5000000000000000000E+00  0.8660254037844385966E+00 -0.6955799301540004365E+00    8  0.0  0.121812620E+01
 -0.5000000000000000000E+00 -0.8660254037844385966E+00  0.6955799301539995483E+00   10  0.0  0.121812620E+01
  0.5000000000000000000E+00 -0.8660254037844385966E+00  0.6955799301539995483E+00   10  0.0  0.121812620E+01
 -0.1000000000000000000E+01  0.0000000000000000000E+00  0.6955799301539995483E+00   10  0.0  0.121812620E+01
  0.1000000000000000000E+01  0.0000000000000000000E+00  0.6955799301539995483E+00   10  0.0  0.121812620E+01
 -0.5000000000000000000E+00  0.8660254037844385966E+00  0.6955799301539995483E+00   10  0.0  0.121812620E+01
  0.5000000000000000000E+00  0.8660254037844385966E+00  0.6955799301539995483E+00   10  0.0  0.121812620E+01
 -0.1000000000000000000E+01 -0.5773502691896257311E+00 -0.4637199534359996989E+00    1 52.0  0.124433497E+01
  0.1000000000000000000E+01 -0.5773502691896257311E+00 -0.4637199534359996989E+00    1 52.0  0.124433497E+01
  0.0000000000000000000E+00  0.1154700538379251462E+01 -0.4637199534359996989E+00    1 52.0  0.124433497E+01
  0.0000000000000000000E+00 -0.5773502691896257311E+00 -0.1159299883589000046E+01    7  0.0  0.129510986E+01
 -0.5000000000000000000E+00  0.2886751345948128655E+00 -0.1159299883589000046E+01    7  0.0  0.129510986E+01
  0.5000000000000000000E+00  0.2886751345948128655E+00 -0.1159299883589000046E+01    7  0.0  0.129510986E+01
 -0.5000000000000000000E+00 -0.2886751345948128655E+00  0.1159299883590000135E+01    7  0.0  0.129510986E+01
  0.5000000000000000000E+00 -0.2886751345948128655E+00  0.1159299883590000135E+01    7  0.0  0.129510986E+01
  0.0000000000000000000E+00  0.5773502691896257311E+00  0.1159299883590000135E+01    7  0.0  0.129510986E+01
  0.0000000000000000000E+00  0.0000000000000000000E+00 -0.1307690268688999957E+01    2 52.0  0.130769027E+01
  0.0000000000000000000E+00  0.0000000000000000000E+00  0.1391159860307999985E+01    5 83.0  0.139115986E+01
  0.0000000000000000000E+00 -0.1154700538379251462E+01 -0.9274399068710001970E+00    5 83.0  0.148103954E+01
 -0.1000000000000000000E+01  0.5773502691896257311E+00 -0.9274399068710001970E+00    5 83.0  0.148103954E+01
  0.1000000000000000000E+01  0.5773502691896257311E+00 -0.9274399068710001970E+00    5 83.0  0.148103954E+01
 -0.1000000000000000000E+01 -0.5773502691896257311E+00  0.1010909498490000225E+01    2 52.0  0.153468933E+01
  0.1000000000000000000E+01 -0.5773502691896257311E+00  0.1010909498490000225E+01    2 52.0  0.153468933E+01
  0.0000000000000000000E+00  0.1154700538379251462E+01  0.1010909498490000225E+01    2 52.0  0.153468933E+01
 -0.1000000000000000000E+01 -0.1154700538379251462E+01 -0.2318599767179998494E+00    9  0.0  0.154502181E+01
  0.1000000000000000000E+01 -0.1154700538379251462E+01 -0.2318599767179998494E+00    9  0.0  0.154502181E+01
 -0.1500000000000000000E+01 -0.2886751345948128655E+00 -0.2318599767179998494E+00    9  0.0  0.154502181E+01
  0.1500000000000000000E+01 -0.2886751345948128655E+00 -0.2318599767179998494E+00    9  0.0  0.154502181E+01
 -0.5000000000000000000E+00  0.1443375672974064328E+01 -0.2318599767179998494E+00    9  0.0  0.154502181E+01
  0.5000000000000000000E+00  0.1443375672974064328E+01 -0.2318599767179998494E+00    9  0.0  0.154502181E+01
 -0.5000000000000000000E+00 -0.1443375672974064106E+01  0.2318599767179998494E+00    6  0.0  0.154502181E+01
  0.5000000000000000000E+00 -0.1443375672974064106E+01  0.2318599767179998494E+00    6  0.0  0.154502181E+01
 -0.1500000000000000000E+01  0.2886751345948128655E+00  0.2318599767179998494E+00    6  0.0  0.154502181E+01
  0.1500000000000000000E+01  0.2886751345948128655E+00  0.2318599767179998494E+00    6  0.0  0.154502181E+01
 -0.1000000000000000000E+01  0.1154700538379251462E+01  0.2318599767179998494E+00    6  0.0  0.154502181E+01
  0.1000000000000000000E+01  0.1154700538379251462E+01  0.2318599767179998494E+00    6  0.0  0.154502181E+01
 -0.1000000000000000000E+01 -0.1154700538379251462E+01  0.3802503618169996713E+00    3 52.0  0.157414220E+01
  0.1000000000000000000E+01 -0.1154700538379251462E+01  0.3802503618169996713E+00    3 52.0  0.157414220E+01
 -0.1500000000000000000E+01 -0.2886751345948128655E+00  0.3802503618169996713E+00    3 52.0  0.157414220E+01
  0.1500000000000000000E+01 -0.2886751345948128655E+00  0.3802503618169996713E+00    3 52.0  0.157414220E+01
 -0.5000000000000000000E+00  0.1443375672974064328E+01  0.3802503618169996713E+00    3 52.0  0.157414220E+01
  0.5000000000000000000E+00  0.1443375672974064328E+01  0.3802503618169996713E+00    3 52.0  0.157414220E+01
 -0.5000000000000000000E+00 -0.1443375672974064328E+01 -0.4637199534359996989E+00    1 52.0  0.159636134E+01
  0.5000000000000000000E+00 -0.1443375672974064328E+01 -0.4637199534359996989E+00    1 52.0  0.159636134E+01
 -0.1500000000000000000E+01  0.2886751345948128655E+00 -0.4637199534359996989E+00    1 52.0  0.159636134E+01
  0.1500000000000000000E+01  0.2886751345948128655E+00 -0.4637199534359996989E+00    1 52.0  0.159636134E+01
 -0.1000000000000000000E+01  0.1154700538379251462E+01 -0.4637199534359996989E+00    1 52.0  0.159636134E+01
  0.1000000000000000000E+01  0.1154700538379251462E+01 -0.4637199534359996989E+00    1 52.0  0.159636134E+01
      89
       5       5
  0.0000000000000000000E+00  0.0000000000000000000E+00  0.0000000000000000000E+00    5 83.0  0.000000000E+00
 -0.5000000000000000000E+00 -0.2886751345948128655E+00 -0.2318599767179998494E+00    7  0.0  0.622167487E+00
  0.5000000000000000000E+00 -0.2886751345948128655E+00 -0.2318599767179998494E+00    7  0.0  0.622167487E+00
  0.0000000000000000000E+00  0.5773502691896257311E+00 -0.2318599767179998494E+00    7  0.0  0.622167487E+00
  0.0000000000000000000E+00 -0.5773502691896257311E+00  0.2318599767169997605E+00    8  0.0  0.622167487E+00
 -0.5000000000000000000E+00  0.2886751345948128655E+00  0.2318599767169997605E+00    8  0.0  0.622167487E+00
  0.5000000000000000000E+00  0.2886751345948128655E+00  0.2318599767169997605E+00    8  0.0  0.622167487E+00
  0.0000000000000000000E+00 -0.5773502691896257311E+00 -0.3802503618179997602E+00    2 52.0  0.691320238E+00
 -0.5000000000000000000E+00  0.2886751345948128655E+00 -0.3802503618179997602E+00    2 52.0  0.691320238E+00
  0.5000000000000000000E+00  0.2886751345948128655E+00 -0.3802503618179997602E+00    2 52.0  0.691320238E+00
  0.0000000000000000000E+00  0.0000000000000000000E+00 -0.6955799301540004365E+00   10  0.0  0.695579930E+00
  0.0000000000000000000E+00  0.0000000000000000000E+00  0.6955799301530003476E+00    9  0.0  0.695579930E+00
 -0.5000000000000000000E+00 -0.2886751345948128655E+00  0.4637199534350004981E+00    1 52.0  0.740519769E+00
  0.5000000000000000000E+00 -0.2886751345948128655E+00  0.4637199534350004981E+00    1 52.0  0.740519769E+00
  0.0000000000000000000E+00  0.5773502691896257311E+00  0.4637199534350004981E+00    1 52.0  0.740519769E+00
 -0.5000000000000000000E+00 -0.8660254037844385966E+00  0.0000000000000000000E+00    5 83.0  0.100000000E+01
  0.5000000000000000000E+00 -0.8660254037844385966E+00  0.0000000000000000000E+00    5 83.0  0.100000000E+01
 -0.1000000000000000000E+01  0.0000000000000000000E+00  0.0000000000000000000E+00    5 83.0  0.100000000E+01
  0.1000000000000000000E+01  0.0000000000000000000E+00  0.0000000000000000000E+00    5 83.0  0.100000000E+01
 -0.5000000000000000000E+00  0.8660254037844385966E+00  0.0000000000000000000E+00    5 83.0  0.100000000E+01
  0.5000000000000000000E+00  0.8660254037844385966E+00  0.0000000000000000000E+00    5 83.0  0.100000000E+01
  0.0000000000000000000E+00 -0.5773502691896257311E+00  0.9274399068710001970E+00    4 83.0  0.109246424E+01
 -0.5000000000000000000E+00  0.2886751345948128655E+00  0.9274399068710001970E+00    4 83.0  0.109246424E+01
  0.5000000000000000000E+00  0.2886751345948128655E+00  0.9274399068710001970E+00    4 83.0  0.109246424E+01
 -0.5000000000000000000E+00 -0.2886751345948128655E+00 -0.1010909498491000313E+01    3 52.0  0.116416122E+01
  0.5000000000000000000E+00 -0.2886751345948128655E+00 -0.1010909498491000313E+01    3 52.0  0.116416122E+01
  0.0000000000000000000E+00  0.5773502691896257311E+00 -0.1010909498491000313E+01    3 52.0  0.116416122E+01
  0.0000000000000000000E+00 -0.1154700538379251462E+01 -0.2318599767179998494E+00    7  0.0  0.117774886E+01
 -0.1000000000000000000E+01  0.5773502691896257311E+00 -0.2318599767179998494E+00    7  0.0  0.117774886E+01
  0.1000000000000000000E+01  0.5773502691896257311E+00 -0.2318599767179998494E+00    7  0.0  0.117774886E+01
 -0.1000000000000000000E+01 -0.5773502691896257311E+00  0.2318599767169997605E+00    8  0.0  0.117774886E+01
  0.1000000000000000000E+01 -0.5773502691896257311E+00  0.2318599767169997605E+00    8  0.0  0.117774886E+01
  0.0000000000000000000E+00  0.1154700538379251462E+01  0.2318599767169997605E+00    8  0.0  0.117774886E+01
 -0.1000000000000000000E+01 -0.5773502691896257311E+00 -0.3802503618179997602E+00    2 52.0  0.121569884E+01
  0.1000000000000000000E+01 -0.5773502691896257311E+00 -0.3802503618179997602E+00    2 52.0  0.121569884E+01
  0.0000000000000000000E+00  0.1154700538379251462E+01 -0.3802503618179997602E+00    2 52.0  0.121569884E+01
 -0.5000000000000000000E+00 -0.8660254037844385966E+00 -0.6955799301540004365E+00   10  0.0  0.121812620E+01
  0.5000000000000000000E+00 -0.8660254037844385966E+00 -0.6955799301540004365E+00   10  0.0  0.121812620E+01
 -0.1000000000000000000E+01  0.0000000000000000000E+00 -0.6955799301540004365E+00   10  0.0  0.121812620E+01
  0.1000000000000000000E+01  0.0000000000000000000E+00 -0.6955799301540004365E+00   10  0.0  0.121812620E+01
 -0.5000000000000000000E+00  0.8660254037844385966E+00 -0.6955799301540004365E+00   10  0.0  0.121812620E+01
  0.5000000000000000000E+00  0.8660254037844385966E+00 -0.6955799301540004365E+00   10  0.0  0.121812620E+01
 -0.5000000000000000000E+00 -0.8660254037844385966E+00  0.6955799301530003476E+00    9  0.0  0.121812620E+01
  0.5000000000000000000E+00 -0.8660254037844385966E+00  0.6955799301530003476E+00    9  0.0  0.121812620E+01
 -0.1000000000000000000E+01  0.0000000000000000000E+00  0.6955799301530003476E+00    9  0.0  0.121812620E+01
  0.1000000000000000000E+01  0.0000000000000000000E+00  0.6955799301530003476E+00    9  0.0  0.121812620E+01
 -0.5000000000000000000E+00  0.8660254037844385966E+00  0.6955799301530003476E+00    9  0.0  0.121812620E+01
  0.5000000000000000000E+00  0.8660254037844385966E+00  0.6955799301530003476E+00    9  0.0  0.121812620E+01
  0.0000000000000000000E+00 -0.1154700538379251462E+01  0.4637199534350004981E+00    1 52.0  0.124433497E+01
 -0.1000000000000000000E+01  0.5773502691896257311E+00  0.4637199534350004981E+00    1 52.0  0.124433497E+01
  0.1000000000000000000E+01  0.5773502691896257311E+00  0.4637199534350004981E+00    1 52.0  0.124433497E+01
  0.0000000000000000000E+00 -0.5773502691896257311E+00 -0.1159299883590000135E+01    6  0.0  0.129510986E+01
 -0.5000000000000000000E+00  0.2886751345948128655E+00 -0.1159299883590000135E+01    6  0.0  0.129510986E+01
  0.5000000000000000000E+00  0.2886751345948128655E+00 -0.1159299883590000135E+01    6  0.0  0.129510986E+01
 -0.5000000000000000000E+00 -0.2886751345948128655E+00  0.1159299883589000046E+01    6  0.0  0.129510986E+01
  0.5000000000000000000E+00 -0.2886751345948128655E+00  0.1159299883589000046E+01    6  0.0  0.129510986E+01
  0.0000000000000000000E+00  0.5773502691896257311E+00  0.1159299883589000046E+01    6  0.0  0.129510986E+01
  0.0000000000000000000E+00  0.0000000000000000000E+00  0.1307690268687999868E+01    3 52.0  0.130769027E+01
  0.0000000000000000000E+00  0.0000000000000000000E+00 -0.1391159860307999985E+01    4 83.0  0.139115986E+01
 -0.1000000000000000000E+01 -0.5773502691896257311E+00  0.9274399068710001970E+00    4 83.0  0.148103954E+01
  0.1000000000000000000E+01 -0.5773502691896257311E+00  0.9274399068710001970E+00    4 83.0  0.148103954E+01
  0.0000000000000000000E+00  0.1154700538379251462E+01  0.9274399068710001970E+00    4 83.0  0.148103954E+01
  0.0000000000000000000E+00 -0.1154700538379251462E+01 -0.1010909498491000313E+01    3 52.0  0.153468933E+01
 -0.1000000000000000000E+01  0.5773502691896257311E+00 -0.1010909498491000313E+01    3 52.0  0.153468933E+01
  0.1000000000000000000E+01  0.5773502691896257311E+00 -0.1010909498491000313E+01    3 52.0  0.153468933E+01
 -0.1000000000000000000E+01 -0.1154700538379251462E+01 -0.2318599767179998494E+00    7  0.0  0.154502181E+01
  0.1000000000000000000E+01 -0.1154700538379251462E+01 -0.2318599767179998494E+00    7  0.0  0.154502181E+01
 -0.1500000000000000000E+01 -0.2886751345948128655E+00 -0.2318599767179998494E+00    7  0.0  0.154502181E+01
  0.1500000000000000000E+01 -0.2886751345948128655E+00 -0.2318599767179998494E+00    7  0.0  0.154502181E+01
 -0.5000000000000000000E+00  0.1443375672974064328E+01 -0.2318599767179998494E+00    7  0.0  0.154502181E+01
  0.5000000000000000000E+00  0.1443375672974064328E+01 -0.2318599767179998494E+00    7  0.0  0.154502181E+01
 -0.5000000000000000000E+00 -0.1443375672974064106E+01  0.2318599767169997605E+00    8  0.0  0.154502181E+01
  0.5000000000000000000E+00 -0.1443375672974064106E+01  0.2318599767169997605E+00    8  0.0  0.154502181E+01
 -0.1500000000000000000E+01  0.2886751345948128655E+00  0.2318599767169997605E+00    8  0.0  0.154502181E+01
  0.1500000000000000000E+01  0.2886751345948128655E+00  0.2318599767169997605E+00    8  0.0  0.154502181E+01
 -0.1000000000000000000E+01  0.1154700538379251462E+01  0.2318599767169997605E+00    8  0.0  0.154502181E+01
  0.1000000000000000000E+01  0.1154700538379251462E+01  0.2318599767169997605E+00    8  0.0  0.154502181E+01
 -0.5000000000000000000E+00 -0.1443375672974064106E+01 -0.3802503618179997602E+00    2 52.0  0.157414220E+01
  0.5000000000000000000E+00 -0.1443375672974064106E+01 -0.3802503618179997602E+00    2 52.0  0.157414220E+01
 -0.1500000000000000000E+01  0.2886751345948128655E+00 -0.3802503618179997602E+00    2 52.0  0.157414220E+01
  0.1500000000000000000E+01  0.2886751345948128655E+00 -0.3802503618179997602E+00    2 52.0  0.157414220E+01
 -0.1000000000000000000E+01  0.1154700538379251462E+01 -0.3802503618179997602E+00    2 52.0  0.157414220E+01
  0.1000000000000000000E+01  0.1154700538379251462E+01 -0.3802503618179997602E+00    2 52.0  0.157414220E+01
 -0.1000000000000000000E+01 -0.1154700538379251462E+01  0.4637199534350004981E+00    1 52.0  0.159636134E+01
  0.1000000000000000000E+01 -0.1154700538379251462E+01  0.4637199534350004981E+00    1 52.0  0.159636134E+01
 -0.1500000000000000000E+01 -0.2886751345948128655E+00  0.4637199534350004981E+00    1 52.0  0.159636134E+01
  0.1500000000000000000E+01 -0.2886751345948128655E+00  0.4637199534350004981E+00    1 52.0  0.159636134E+01
 -0.5000000000000000000E+00  0.1443375672974064328E+01  0.4637199534350004981E+00    1 52.0  0.159636134E+01
  0.5000000000000000000E+00  0.1443375672974064328E+01  0.4637199534350004981E+00    1 52.0  0.159636134E+01
      89
       6       6
  0.0000000000000000000E+00  0.0000000000000000000E+00  0.0000000000000000000E+00    6  0.0  0.000000000E+00
  0.0000000000000000000E+00 -0.5773502691896257311E+00  0.1483903850989998219E+00    3 52.0  0.596114955E+00
 -0.5000000000000000000E+00  0.2886751345948128655E+00  0.1483903850989998219E+00    3 52.0  0.596114955E+00
  0.5000000000000000000E+00  0.2886751345948128655E+00  0.1483903850989998219E+00    3 52.0  0.596114955E+00
 -0.5000000000000000000E+00 -0.2886751345948128655E+00 -0.2318599767179998494E+00    4 83.0  0.622167487E+00
  0.5000000000000000000E+00 -0.2886751345948128655E+00 -0.2318599767179998494E+00    4 83.0  0.622167487E+00
  0.0000000000000000000E+00  0.5773502691896257311E+00 -0.2318599767179998494E+00    4 83.0  0.622167487E+00
  0.0000000000000000000E+00  0.0000000000000000000E+00 -0.6955799301539995483E+00    1 52.0  0.695579930E+00
  0.0000000000000000000E+00 -0.5773502691896257311E+00 -0.4637199534359996989E+00    9  0.0  0.740519769E+00
 -0.5000000000000000000E+00  0.2886751345948128655E+00 -0.4637199534359996989E+00    9  0.0  0.740519769E+00
  0.5000000000000000000E+00  0.2886751345948128655E+00 -0.4637199534359996989E+00    9  0.0  0.740519769E+00
 -0.5000000000000000000E+00 -0.2886751345948128655E+00  0.4637199534359996989E+00   10  0.0  0.740519769E+00
  0.5000000000000000000E+00 -0.2886751345948128655E+00  0.4637199534359996989E+00   10  0.0  0.740519769E+00
  0.0000000000000000000E+00  0.5773502691896257311E+00  0.4637199534359996989E+00   10  0.0  0.740519769E+00
  0.0000000000000000000E+00  0.0000000000000000000E+00  0.7790495217720003751E+00    2 52.0  0.779049522E+00
 -0.5000000000000000000E+00 -0.8660254037844385966E+00  0.0000000000000000000E+00    6  0.0  0.100000000E+01
  0.5000000000000000000E+00 -0.8660254037844385966E+00  0.0000000000000000000E+00    6  0.0  0.100000000E+01
 -0.1000000000000000000E+01  0.0000000000000000000E+00  0.0000000000000000000E+00    6  0.0  0.100000000E+01
  0.1000000000000000000E+01  0.0000000000000000000E+00  0.0000000000000000000E+00    6  0.0  0.100000000E+01
 -0.5000000000000000000E+00  0.8660254037844385966E+00  0.0000000000000000000E+00    6  0.0  0.100000000E+01
  0.5000000000000000000E+00  0.8660254037844385966E+00  0.0000000000000000000E+00    6  0.0  0.100000000E+01
 -0.5000000000000000000E+00 -0.2886751345948128655E+00 -0.9274399068720002859E+00    8  0.0  0.109246424E+01
  0.5000000000000000000E+00 -0.2886751345948128655E+00 -0.9274399068720002859E+00    8  0.0  0.109246424E+01
  0.0000000000000000000E+00  0.5773502691896257311E+00 -0.9274399068720002859E+00    8  0.0  0.109246424E+01
  0.0000000000000000000E+00 -0.5773502691896257311E+00  0.9274399068720002859E+00    7  0.0  0.109246424E+01
 -0.5000000000000000000E+00  0.2886751345948128655E+00  0.9274399068720002859E+00    7  0.0  0.109246424E+01
  0.5000000000000000000E+00  0.2886751345948128655E+00  0.9274399068720002859E+00    7  0.0  0.109246424E+01
 -0.1000000000000000000E+01 -0.5773502691896257311E+00  0.1483903850989998219E+00    3 52.0  0.116419631E+01
  0.1000000000000000000E+01 -0.5773502691896257311E+00  0.1483903850989998219E+00    3 52.0  0.116419631E+01
  0.0000000000000000000E+00  0.1154700538379251462E+01  0.1483903850989998219E+00    3 52.0  0.116419631E+01
  0.0000000000000000000E+00 -0.1154700538379251462E+01 -0.2318599767179998494E+00    4 83.0  0.117774886E+01
 -0.1000000000000000000E+01  0.5773502691896257311E+00 -0.2318599767179998494E+00    4 83.0  0.117774886E+01
  0.1000000000000000000E+01  0.5773502691896257311E+00 -0.2318599767179998494E+00    4 83.0  0.117774886E+01
 -0.5000000000000000000E+00 -0.8660254037844385966E+00 -0.6955799301539995483E+00    1 52.0  0.121812620E+01
  0.5000000000000000000E+00 -0.8660254037844385966E+00 -0.6955799301539995483E+00    1 52.0  0.121812620E+01
 -0.1000000000000000000E+01  0.0000000000000000000E+00 -0.6955799301539995483E+00    1 52.0  0.121812620E+01
  0.1000000000000000000E+01  0.0000000000000000000E+00 -0.6955799301539995483E+00    1 52.0  0.121812620E+01
 -0.5000000000000000000E+00  0.8660254037844385966E+00 -0.6955799301539995483E+00    1 52.0  0.121812620E+01
  0.5000000000000000000E+00  0.8660254037844385966E+00 -0.6955799301539995483E+00    1 52.0  0.121812620E+01
 -0.1000000000000000000E+01 -0.5773502691896257311E+00 -0.4637199534359996989E+00    9  0.0  0.124433497E+01
  0.1000000000000000000E+01 -0.5773502691896257311E+00 -0.4637199534359996989E+00    9  0.0  0.124433497E+01
  0.0000000000000000000E+00  0.1154700538379251462E+01 -0.4637199534359996989E+00    9  0.0  0.124433497E+01
  0.0000000000000000000E+00 -0.1154700538379251462E+01  0.4637199534359996989E+00   10  0.0  0.124433497E+01
 -0.1000000000000000000E+01  0.5773502691896257311E+00  0.4637199534359996989E+00   10  0.0  0.124433497E+01
  0.1000000000000000000E+01  0.5773502691896257311E+00  0.4637199534359996989E+00   10  0.0  0.124433497E+01
 -0.5000000000000000000E+00 -0.8660254037844385966E+00  0.7790495217720003751E+00    2 52.0  0.126764276E+01
  0.5000000000000000000E+00 -0.8660254037844385966E+00  0.7790495217720003751E+00    2 52.0  0.126764276E+01
 -0.1000000000000000000E+01  0.0000000000000000000E+00  0.7790495217720003751E+00    2 52.0  0.126764276E+01
  0.1000000000000000000E+01  0.0000000000000000000E+00  0.7790495217720003751E+00    2 52.0  0.126764276E+01
 -0.5000000000000000000E+00  0.8660254037844385966E+00  0.7790495217720003751E+00    2 52.0  0.126764276E+01
  0.5000000000000000000E+00  0.8660254037844385966E+00  0.7790495217720003751E+00    2 52.0  0.126764276E+01
  0.0000000000000000000E+00 -0.5773502691896257311E+00 -0.1159299883589000046E+01    5 83.0  0.129510986E+01
 -0.5000000000000000000E+00  0.2886751345948128655E+00 -0.1159299883589000046E+01    5 83.0  0.129510986E+01
  0.5000000000000000000E+00  0.2886751345948128655E+00 -0.1159299883589000046E+01    5 83.0  0.129510986E+01
 -0.5000000000000000000E+00 -0.2886751345948128655E+00  0.1159299883590000135E+01    5 83.0  0.129510986E+01
  0.5000000000000000000E+00 -0.2886751345948128655E+00  0.1159299883590000135E+01    5 83.0  0.129510986E+01
  0.0000000000000000000E+00  0.5773502691896257311E+00  0.1159299883590000135E+01    5 83.0  0.129510986E+01
  0.0000000000000000000E+00  0.0000000000000000000E+00 -0.1391159860306999896E+01    7  0.0  0.139115986E+01
  0.0000000000000000000E+00  0.0000000000000000000E+00  0.1391159860306999896E+01    8  0.0  0.139115986E+01
  0.0000000000000000000E+00 -0.1154700538379251462E+01 -0.9274399068720002859E+00    8  0.0  0.148103954E+01
 -0.1000000000000000000E+01  0.5773502691896257311E+00 -0.9274399068720002859E+00    8  0.0  0.148103954E+01
  0.1000000000000000000E+01  0.5773502691896257311E+00 -0.9274399068720002859E+00    8  0.0  0.148103954E+01
 -0.1000000000000000000E+01 -0.5773502691896257311E+00  0.9274399068720002859E+00    7  0.0  0.148103954E+01
  0.1000000000000000000E+01 -0.5773502691896257311E+00  0.9274399068720002859E+00    7  0.0  0.148103954E+01
  0.0000000000000000000E+00  0.1154700538379251462E+01  0.9274399068720002859E+00    7  0.0  0.148103954E+01
 -0.5000000000000000000E+00 -0.1443375672974064328E+01  0.1483903850989998219E+00    3 52.0  0.153471595E+01
  0.5000000000000000000E+00 -0.1443375672974064328E+01  0.1483903850989998219E+00    3 52.0  0.153471595E+01
 -0.1500000000000000000E+01  0.2886751345948128655E+00  0.1483903850989998219E+00    3 52.0  0.153471595E+01
  0.1500000000000000000E+01  0.2886751345948128655E+00  0.1483903850989998219E+00    3 52.0  0.153471595E+01
 -0.1000000000000000000E+01  0.1154700538379251462E+01  0.1483903850989998219E+00    3 52.0  0.153471595E+01
  0.1000000000000000000E+01  0.1154700538379251462E+01  0.1483903850989998219E+00    3 52.0  0.153471595E+01
 -0.1000000000000000000E+01 -0.1154700538379251462E+01 -0.2318599767179998494E+00    4 83.0  0.154502181E+01
  0.1000000000000000000E+01 -0.1154700538379251462E+01 -0.2318599767179998494E+00    4 83.0  0.154502181E+01
 -0.1500000000000000000E+01 -0.2886751345948128655E+00 -0.2318599767179998494E+00    4 83.0  0.154502181E+01
  0.1500000000000000000E+01 -0.2886751345948128655E+00 -0.2318599767179998494E+00    4 83.0  0.154502181E+01
 -0.5000000000000000000E+00  0.1443375672974064328E+01 -0.2318599767179998494E+00    4 83.0  0.154502181E+01
  0.5000000000000000000E+00  0.1443375672974064328E+01 -0.2318599767179998494E+00    4 83.0  0.154502181E+01
 -0.5000000000000000000E+00 -0.1443375672974064328E+01 -0.4637199534359996989E+00    9  0.0  0.159636134E+01
  0.5000000000000000000E+00 -0.1443375672974064328E+01 -0.4637199534359996989E+00    9  0.0  0.159636134E+01
 -0.1500000000000000000E+01  0.2886751345948128655E+00 -0.4637199534359996989E+00    9  0.0  0.159636134E+01
  0.1500000000000000000E+01  0.2886751345948128655E+00 -0.4637199534359996989E+00    9  0.0  0.159636134E+01
 -0.1000000000000000000E+01  0.1154700538379251462E+01 -0.4637199534359996989E+00    9  0.0  0.159636134E+01
  0.1000000000000000000E+01  0.1154700538379251462E+01 -0.4637199534359996989E+00    9  0.0  0.159636134E+01
 -0.1000000000000000000E+01 -0.1154700538379251462E+01  0.4637199534359996989E+00   10  0.0  0.159636134E+01
  0.1000000000000000000E+01 -0.1154700538379251462E+01  0.4637199534359996989E+00   10  0.0  0.159636134E+01
 -0.1500000000000000000E+01 -0.2886751345948128655E+00  0.4637199534359996989E+00   10  0.0  0.159636134E+01
  0.1500000000000000000E+01 -0.2886751345948128655E+00  0.4637199534359996989E+00   10  0.0  0.159636134E+01
 -0.5000000000000000000E+00  0.1443375672974064328E+01  0.4637199534359996989E+00   10  0.0  0.159636134E+01
  0.5000000000000000000E+00  0.1443375672974064328E+01  0.4637199534359996989E+00   10  0.0  0.159636134E+01
      89
       7       7
  0.0000000000000000000E+00  0.0000000000000000000E+00  0.0000000000000000000E+00    7  0.0  0.000000000E+00
 -0.5000000000000000000E+00 -0.2886751345948128655E+00 -0.1483903850999999108E+00    2 52.0  0.596114955E+00
  0.5000000000000000000E+00 -0.2886751345948128655E+00 -0.1483903850999999108E+00    2 52.0  0.596114955E+00
  0.0000000000000000000E+00  0.5773502691896257311E+00 -0.1483903850999999108E+00    2 52.0  0.596114955E+00
  0.0000000000000000000E+00 -0.5773502691896257311E+00  0.2318599767179998494E+00    5 83.0  0.622167487E+00
 -0.5000000000000000000E+00  0.2886751345948128655E+00  0.2318599767179998494E+00    5 83.0  0.622167487E+00
  0.5000000000000000000E+00  0.2886751345948128655E+00  0.2318599767179998494E+00    5 83.0  0.622167487E+00
  0.0000000000000000000E+00  0.0000000000000000000E+00  0.6955799301530003476E+00    1 52.0  0.695579930E+00
  0.0000000000000000000E+00 -0.5773502691896257311E+00 -0.4637199534360005870E+00   10  0.0  0.740519769E+00
 -0.5000000000000000000E+00  0.2886751345948128655E+00 -0.4637199534360005870E+00   10  0.0  0.740519769E+00
  0.5000000000000000000E+00  0.2886751345948128655E+00 -0.4637199534360005870E+00   10  0.0  0.740519769E+00
 -0.5000000000000000000E+00 -0.2886751345948128655E+00  0.4637199534349996100E+00    8  0.0  0.740519769E+00
  0.5000000000000000000E+00 -0.2886751345948128655E+00  0.4637199534349996100E+00    8  0.0  0.740519769E+00
  0.0000000000000000000E+00  0.5773502691896257311E+00  0.4637199534349996100E+00    8  0.0  0.740519769E+00
  0.0000000000000000000E+00  0.0000000000000000000E+00 -0.7790495217730004640E+00    3 52.0  0.779049522E+00
 -0.5000000000000000000E+00 -0.8660254037844385966E+00  0.0000000000000000000E+00    7  0.0  0.100000000E+01
  0.5000000000000000000E+00 -0.8660254037844385966E+00  0.0000000000000000000E+00    7  0.0  0.100000000E+01
 -0.1000000000000000000E+01  0.0000000000000000000E+00  0.0000000000000000000E+00    7  0.0  0.100000000E+01
  0.1000000000000000000E+01  0.0000000000000000000E+00  0.0000000000000000000E+00    7  0.0  0.100000000E+01
 -0.5000000000000000000E+00  0.8660254037844385966E+00  0.0000000000000000000E+00    7  0.0  0.100000000E+01
  0.5000000000000000000E+00  0.8660254037844385966E+00  0.0000000000000000000E+00    7  0.0  0.100000000E+01
 -0.5000000000000000000E+00 -0.2886751345948128655E+00 -0.9274399068720002859E+00    6  0.0  0.109246424E+01
  0.5000000000000000000E+00 -0.2886751345948128655E+00 -0.9274399068720002859E+00    6  0.0  0.109246424E+01
  0.0000000000000000000E+00  0.5773502691896257311E+00 -0.9274399068720002859E+00    6  0.0  0.109246424E+01
  0.0000000000000000000E+00 -0.5773502691896257311E+00  0.9274399068710001970E+00    9  0.0  0.109246424E+01
 -0.5000000000000000000E+00  0.2886751345948128655E+00  0.9274399068710001970E+00    9  0.0  0.109246424E+01
  0.5000000000000000000E+00  0.2886751345948128655E+00  0.9274399068710001970E+00    9  0.0  0.109246424E+01
  0.0000000000000000000E+00 -0.1154700538379251462E+01 -0.1483903850999999108E+00    2 52.0  0.116419631E+01
 -0.1000000000000000000E+01  0.5773502691896257311E+00 -0.1483903850999999108E+00    2 52.0  0.116419631E+01
  0.1000000000000000000E+01  0.5773502691896257311E+00 -0.1483903850999999108E+00    2 52.0  0.116419631E+01
 -0.1000000000000000000E+01 -0.5773502691896257311E+00  0.2318599767179998494E+00    5 83.0  0.117774886E+01
  0.1000000000000000000E+01 -0.5773502691896257311E+00  0.2318599767179998494E+00    5 83.0  0.117774886E+01
  0.0000000000000000000E+00  0.1154700538379251462E+01  0.2318599767179998494E+00    5 83.0  0.117774886E+01
 -0.5000000000000000000E+00 -0.8660254037844385966E+00  0.6955799301530003476E+00    1 52.0  0.121812620E+01
  0.5000000000000000000E+00 -0.8660254037844385966E+00  0.6955799301530003476E+00    1 52.0  0.121812620E+01
 -0.1000000000000000000E+01  0.0000000000000000000E+00  0.6955799301530003476E+00    1 52.0  0.121812620E+01
  0.1000000000000000000E+01  0.0000000000000000000E+00  0.6955799301530003476E+00    1 52.0  0.121812620E+01
 -0.5000000000000000000E+00  0.8660254037844385966E+00  0.6955799301530003476E+00    1 52.0  0.121812620E+01
  0.5000000000000000000E+00  0.8660254037844385966E+00  0.6955799301530003476E+00    1 52.0  0.121812620E+01
 -0.1000000000000000000E+01 -0.5773502691896257311E+00 -0.4637199534360005870E+00   10  0.0  0.124433497E+01
  0.1000000000000000000E+01 -0.5773502691896257311E+00 -0.4637199534360005870E+00   10  0.0  0.124433497E+01
  0.0000000000000000000E+00  0.1154700538379251462E+01 -0.4637199534360005870E+00   10  0.0  0.124433497E+01
  0.0000000000000000000E+00 -0.1154700538379251462E+01  0.4637199534349996100E+00    8  0.0  0.124433497E+01
 -0.1000000000000000000E+01  0.5773502691896257311E+00  0.4637199534349996100E+00    8  0.0  0.124433497E+01
  0.1000000000000000000E+01  0.5773502691896257311E+00  0.4637199534349996100E+00    8  0.0  0.124433497E+01
 -0.5000000000000000000E+00 -0.8660254037844385966E+00 -0.7790495217730004640E+00    3 52.0  0.126764276E+01
  0.5000000000000000000E+00 -0.8660254037844385966E+00 -0.7790495217730004640E+00    3 52.0  0.126764276E+01
 -0.1000000000000000000E+01  0.0000000000000000000E+00 -0.7790495217730004640E+00    3 52.0  0.126764276E+01
  0.1000000000000000000E+01  0.0000000000000000000E+00 -0.7790495217730004640E+00    3 52.0  0.126764276E+01
 -0.5000000000000000000E+00  0.8660254037844385966E+00 -0.7790495217730004640E+00    3 52.0  0.126764276E+01
  0.5000000000000000000E+00  0.8660254037844385966E+00 -0.7790495217730004640E+00    3 52.0  0.126764276E+01
  0.0000000000000000000E+00 -0.5773502691896257311E+00 -0.1159299883590000135E+01    4 83.0  0.129510986E+01
 -0.5000000000000000000E+00  0.2886751345948128655E+00 -0.1159299883590000135E+01    4 83.0  0.129510986E+01
  0.5000000000000000000E+00  0.2886751345948128655E+00 -0.1159299883590000135E+01    4 83.0  0.129510986E+01
 -0.5000000000000000000E+00 -0.2886751345948128655E+00  0.1159299883589000046E+01    4 83.0  0.129510986E+01
  0.5000000000000000000E+00 -0.2886751345948128655E+00  0.1159299883589000046E+01    4 83.0  0.129510986E+01
  0.0000000000000000000E+00  0.5773502691896257311E+00  0.1159299883589000046E+01    4 83.0  0.129510986E+01
  0.0000000000000000000E+00  0.0000000000000000000E+00 -0.1391159860307999985E+01    9  0.0  0.139115986E+01
  0.0000000000000000000E+00  0.0000000000000000000E+00  0.1391159860306999896E+01    6  0.0  0.139115986E+01
  0.0000000000000000000E+00 -0.1154700538379251462E+01 -0.9274399068720002859E+00    6  0.0  0.148103954E+01
 -0.1000000000000000000E+01  0.5773502691896257311E+00 -0.9274399068720002859E+00    6  0.0  0.148103954E+01
  0.1000000000000000000E+01  0.5773502691896257311E+00 -0.9274399068720002859E+00    6  0.0  0.148103954E+01
 -0.1000000000000000000E+01 -0.5773502691896257311E+00  0.9274399068710001970E+00    9  0.0  0.148103954E+01
  0.1000000000000000000E+01 -0.5773502691896257311E+00  0.9274399068710001970E+00    9  0.0  0.148103954E+01
  0.0000000000000000000E+00  0.1154700538379251462E+01  0.9274399068710001970E+00    9  0.0  0.148103954E+01
 -0.1000000000000000000E+01 -0.1154700538379251462E+01 -0.1483903850999999108E+00    2 52.0  0.153471595E+01
  0.1000000000000000000E+01 -0.1154700538379251462E+01 -0.1483903850999999108E+00    2 52.0  0.153471595E+01
 -0.1500000000000000000E+01 -0.2886751345948128655E+00 -0.1483903850999999108E+00    2 52.0  0.153471595E+01
  0.1500000000000000000E+01 -0.2886751345948128655E+00 -0.1483903850999999108E+00    2 52.0  0.153471595E+01
 -0.5000000000000000000E+00  0.1443375672974064328E+01 -0.1483903850999999108E+00    2 52.0  0.153471595E+01
  0.5000000000000000000E+00  0.1443375672974064328E+01 -0.1483903850999999108E+00    2 52.0  0.153471595E+01
 -0.5000000000000000000E+00 -0.1443375672974064328E+01  0.2318599767179998494E+00    5 83.0  0.154502181E+01
  0.5000000000000000000E+00 -0.1443375672974064328E+01  0.2318599767179998494E+00    5 83.0  0.154502181E+01
 -0.1500000000000000000E+01  0.2886751345948128655E+00  0.2318599767179998494E+00    5 83.0  0.154502181E+01
  0.1500000000000000000E+01  0.2886751345948128655E+00  0.2318599767179998494E+00    5 83.0  0.154502181E+01
 -0.1000000000000000000E+01  0.1154700538379251462E+01  0.2318599767179998494E+00    5 83.0  0.154502181E+01
  0.1000000000000000000E+01  0.1154700538379251462E+01  0.2318599767179998494E+00    5 83.0  0.154502181E+01
 -0.5000000000000000000E+00 -0.1443375672974064328E+01 -0.4637199534360005870E+00   10  0.0  0.159636134E+01
  0.5000000000000000000E+00 -0.1443375672974064328E+01 -0.4637199534360005870E+00   10  0.0  0.159636134E+01
 -0.1500000000000000000E+01  0.2886751345948128655E+00 -0.4637199534360005870E+00   10  0.0  0.159636134E+01
  0.1500000000000000000E+01  0.2886751345948128655E+00 -0.4637199534360005870E+00   10  0.0  0.159636134E+01
 -0.1000000000000000000E+01  0.1154700538379251462E+01 -0.4637199534360005870E+00   10  0.0  0.159636134E+01
  0.1000000000000000000E+01  0.1154700538379251462E+01 -0.4637199534360005870E+00   10  0.0  0.159636134E+01
 -0.1000000000000000000E+01 -0.1154700538379251462E+01  0.4637199534349996100E+00    8  0.0  0.159636134E+01
  0.1000000000000000000E+01 -0.1154700538379251462E+01  0.4637199534349996100E+00    8  0.0  0.159636134E+01
 -0.1500000000000000000E+01 -0.2886751345948128655E+00  0.4637199534349996100E+00    8  0.0  0.159636134E+01
  0.1500000000000000000E+01 -0.2886751345948128655E+00  0.4637199534349996100E+00    8  0.0  0.159636134E+01
 -0.5000000000000000000E+00  0.1443375672974064328E+01  0.4637199534349996100E+00    8  0.0  0.159636134E+01
  0.5000000000000000000E+00  0.1443375672974064328E+01  0.4637199534349996100E+00    8  0.0  0.159636134E+01
      92
       8       8
  0.0000000000000000000E+00  0.0000000000000000000E+00  0.0000000000000000000E+00    8  0.0  0.000000000E+00
  0.0000000000000000000E+00  0.0000000000000000000E+00 -0.6121103385349995207E+00    2 52.0  0.612110339E+00
 -0.5000000000000000000E+00 -0.2886751345948128655E+00 -0.2318599767169997605E+00    5 83.0  0.622167487E+00
  0.5000000000000000000E+00 -0.2886751345948128655E+00 -0.2318599767169997605E+00    5 83.0  0.622167487E+00
  0.0000000000000000000E+00  0.5773502691896257311E+00 -0.2318599767169997605E+00    5 83.0  0.622167487E+00
  0.0000000000000000000E+00 -0.5773502691896257311E+00  0.2318599767180007376E+00    1 52.0  0.622167487E+00
 -0.5000000000000000000E+00  0.2886751345948128655E+00  0.2318599767180007376E+00    1 52.0  0.622167487E+00
  0.5000000000000000000E+00  0.2886751345948128655E+00  0.2318599767180007376E+00    1 52.0  0.622167487E+00
  0.0000000000000000000E+00  0.0000000000000000000E+00  0.6955799301540004365E+00    4 83.0  0.695579930E+00
  0.0000000000000000000E+00 -0.5773502691896257311E+00 -0.4637199534349996100E+00    7  0.0  0.740519769E+00
 -0.5000000000000000000E+00  0.2886751345948128655E+00 -0.4637199534349996100E+00    7  0.0  0.740519769E+00
  0.5000000000000000000E+00  0.2886751345948128655E+00 -0.4637199534349996100E+00    7  0.0  0.740519769E+00
 -0.5000000000000000000E+00 -0.2886751345948128655E+00  0.4637199534360005870E+00    9  0.0  0.740519769E+00
  0.5000000000000000000E+00 -0.2886751345948128655E+00  0.4637199534360005870E+00    9  0.0  0.740519769E+00
  0.0000000000000000000E+00  0.5773502691896257311E+00  0.4637199534360005870E+00    9  0.0  0.740519769E+00
 -0.5000000000000000000E+00 -0.8660254037844385966E+00  0.0000000000000000000E+00    8  0.0  0.100000000E+01
  0.5000000000000000000E+00 -0.8660254037844385966E+00  0.0000000000000000000E+00    8  0.0  0.100000000E+01
 -0.1000000000000000000E+01  0.0000000000000000000E+00  0.0000000000000000000E+00    8  0.0  0.100000000E+01
  0.1000000000000000000E+01  0.0000000000000000000E+00  0.0000000000000000000E+00    8  0.0  0.100000000E+01
 -0.5000000000000000000E+00  0.8660254037844385966E+00  0.0000000000000000000E+00    8  0.0  0.100000000E+01
  0.5000000000000000000E+00  0.8660254037844385966E+00  0.0000000000000000000E+00    8  0.0  0.100000000E+01
 -0.5000000000000000000E+00 -0.2886751345948128655E+00 -0.9274399068710001970E+00   10  0.0  0.109246424E+01
  0.5000000000000000000E+00 -0.2886751345948128655E+00 -0.9274399068710001970E+00   10  0.0  0.109246424E+01
  0.0000000000000000000E+00  0.5773502691896257311E+00 -0.9274399068710001970E+00   10  0.0  0.109246424E+01
  0.0000000000000000000E+00 -0.5773502691896257311E+00  0.9274399068720002859E+00    6  0.0  0.109246424E+01
 -0.5000000000000000000E+00  0.2886751345948128655E+00  0.9274399068720002859E+00    6  0.0  0.109246424E+01
  0.5000000000000000000E+00  0.2886751345948128655E+00  0.9274399068720002859E+00    6  0.0  0.109246424E+01
 -0.5000000000000000000E+00 -0.8660254037844385966E+00 -0.6121103385349995207E+00    2 52.0  0.117246709E+01
  0.5000000000000000000E+00 -0.8660254037844385966E+00 -0.6121103385349995207E+00    2 52.0  0.117246709E+01
 -0.1000000000000000000E+01  0.0000000000000000000E+00 -0.6121103385349995207E+00    2 52.0  0.117246709E+01
  0.1000000000000000000E+01  0.0000000000000000000E+00 -0.6121103385349995207E+00    2 52.0  0.117246709E+01
 -0.5000000000000000000E+00  0.8660254037844385966E+00 -0.6121103385349995207E+00    2 52.0  0.117246709E+01
  0.5000000000000000000E+00  0.8660254037844385966E+00 -0.6121103385349995207E+00    2 52.0  0.117246709E+01
  0.0000000000000000000E+00 -0.1154700538379251462E+01 -0.2318599767169997605E+00    5 83.0  0.117774886E+01
 -0.1000000000000000000E+01  0.5773502691896257311E+00 -0.2318599767169997605E+00    5 83.0  0.117774886E+01
  0.1000000000000000000E+01  0.5773502691896257311E+00 -0.2318599767169997605E+00    5 83.0  0.117774886E+01
 -0.1000000000000000000E+01 -0.5773502691896257311E+00  0.2318599767180007376E+00    1 52.0  0.117774886E+01
  0.1000000000000000000E+01 -0.5773502691896257311E+00  0.2318599767180007376E+00    1 52.0  0.117774886E+01
  0.0000000000000000000E+00  0.1154700538379251462E+01  0.2318599767180007376E+00    1 52.0  0.117774886E+01
 -0.5000000000000000000E+00 -0.8660254037844385966E+00  0.6955799301540004365E+00    4 83.0  0.121812620E+01
  0.5000000000000000000E+00 -0.8660254037844385966E+00  0.6955799301540004365E+00    4 83.0  0.121812620E+01
 -0.1000000000000000000E+01  0.0000000000000000000E+00  0.6955799301540004365E+00    4 83.0  0.121812620E+01
  0.1000000000000000000E+01  0.0000000000000000000E+00  0.6955799301540004365E+00    4 83.0  0.121812620E+01
 -0.5000000000000000000E+00  0.8660254037844385966E+00  0.6955799301540004365E+00    4 83.0  0.121812620E+01
  0.5000000000000000000E+00  0.8660254037844385966E+00  0.6955799301540004365E+00    4 83.0  0.121812620E+01
 -0.5000000000000000000E+00 -0.2886751345948128655E+00  0.1075830291971000108E+01    3 52.0  0.122096034E+01
  0.5000000000000000000E+00 -0.2886751345948128655E+00  0.1075830291971000108E+01    3 52.0  0.122096034E+01
  0.0000000000000000000E+00  0.5773502691896257311E+00  0.1075830291971000108E+01    3 52.0  0.122096034E+01
 -0.1000000000000000000E+01 -0.5773502691896257311E+00 -0.4637199534349996100E+00    7  0.0  0.124433497E+01
  0.1000000000000000000E+01 -0.5773502691896257311E+00 -0.4637199534349996100E+00    7  0.0  0.124433497E+01
  0.0000000000000000000E+00  0.1154700538379251462E+01 -0.4637199534349996100E+00    7  0.0  0.124433497E+01
  0.0000000000000000000E+00 -0.1154700538379251462E+01  0.4637199534360005870E+00    9  0.0  0.124433497E+01
 -0.1000000000000000000E+01  0.5773502691896257311E+00  0.4637199534360005870E+00    9  0.0  0.124433497E+01
  0.1000000000000000000E+01  0.5773502691896257311E+00  0.4637199534360005870E+00    9  0.0  0.124433497E+01
  0.0000000000000000000E+00 -0.5773502691896257311E+00 -0.1242769475208000074E+01    3 52.0  0.137033182E+01
 -0.5000000000000000000E+00  0.2886751345948128655E+00 -0.1242769475208000074E+01    3 52.0  0.137033182E+01
  0.5000000000000000000E+00  0.2886751345948128655E+00 -0.1242769475208000074E+01    3 52.0  0.137033182E+01
  0.0000000000000000000E+00  0.0000000000000000000E+00 -0.1391159860306999896E+01    6  0.0  0.139115986E+01
  0.0000000000000000000E+00  0.0000000000000000000E+00  0.1391159860307999985E+01   10  0.0  0.139115986E+01
  0.0000000000000000000E+00 -0.1154700538379251462E+01 -0.9274399068710001970E+00   10  0.0  0.148103954E+01
 -0.1000000000000000000E+01  0.5773502691896257311E+00 -0.9274399068710001970E+00   10  0.0  0.148103954E+01
  0.1000000000000000000E+01  0.5773502691896257311E+00 -0.9274399068710001970E+00   10  0.0  0.148103954E+01
 -0.1000000000000000000E+01 -0.5773502691896257311E+00  0.9274399068720002859E+00    6  0.0  0.148103954E+01
  0.1000000000000000000E+01 -0.5773502691896257311E+00  0.9274399068720002859E+00    6  0.0  0.148103954E+01
  0.0000000000000000000E+00  0.1154700538379251462E+01  0.9274399068720002859E+00    6  0.0  0.148103954E+01
 -0.1000000000000000000E+01 -0.1154700538379251462E+01 -0.2318599767169997605E+00    5 83.0  0.154502181E+01
  0.1000000000000000000E+01 -0.1154700538379251462E+01 -0.2318599767169997605E+00    5 83.0  0.154502181E+01
 -0.1500000000000000000E+01 -0.2886751345948128655E+00 -0.2318599767169997605E+00    5 83.0  0.154502181E+01
  0.1500000000000000000E+01 -0.2886751345948128655E+00 -0.2318599767169997605E+00    5 83.0  0.154502181E+01
 -0.5000000000000000000E+00  0.1443375672974064328E+01 -0.2318599767169997605E+00    5 83.0  0.154502181E+01
  0.5000000000000000000E+00  0.1443375672974064328E+01 -0.2318599767169997605E+00    5 83.0  0.154502181E+01
 -0.5000000000000000000E+00 -0.1443375672974064328E+01  0.2318599767180007376E+00    1 52.0  0.154502181E+01
  0.5000000000000000000E+00 -0.1443375672974064328E+01  0.2318599767180007376E+00    1 52.0  0.154502181E+01
 -0.1500000000000000000E+01  0.2886751345948128655E+00  0.2318599767180007376E+00    1 52.0  0.154502181E+01
  0.1500000000000000000E+01  0.2886751345948128655E+00  0.2318599767180007376E+00    1 52.0  0.154502181E+01
 -0.1000000000000000000E+01  0.1154700538379251462E+01  0.2318599767180007376E+00    1 52.0  0.154502181E+01
  0.1000000000000000000E+01  0.1154700538379251462E+01  0.2318599767180007376E+00    1 52.0  0.154502181E+01
  0.0000000000000000000E+00 -0.1154700538379251462E+01  0.1075830291971000108E+01    3 52.0  0.157820916E+01
 -0.1000000000000000000E+01  0.5773502691896257311E+00  0.1075830291971000108E+01    3 52.0  0.157820916E+01
  0.1000000000000000000E+01  0.5773502691896257311E+00  0.1075830291971000108E+01    3 52.0  0.157820916E+01
 -0.5000000000000000000E+00 -0.1443375672974064328E+01 -0.4637199534349996100E+00    7  0.0  0.159636134E+01
  0.5000000000000000000E+00 -0.1443375672974064328E+01 -0.4637199534349996100E+00    7  0.0  0.159636134E+01
 -0.1500000000000000000E+01  0.2886751345948128655E+00 -0.4637199534349996100E+00    7  0.0  0.159636134E+01
  0.1500000000000000000E+01  0.2886751345948128655E+00 -0.4637199534349996100E+00    7  0.0  0.159636134E+01
 -0.1000000000000000000E+01  0.1154700538379251462E+01 -0.4637199534349996100E+00    7  0.0  0.159636134E+01
  0.1000000000000000000E+01  0.1154700538379251462E+01 -0.4637199534349996100E+00    7  0.0  0.159636134E+01
 -0.1000000000000000000E+01 -0.1154700538379251462E+01  0.4637199534360005870E+00    9  0.0  0.159636134E+01
  0.1000000000000000000E+01 -0.1154700538379251462E+01  0.4637199534360005870E+00    9  0.0  0.159636134E+01
 -0.1500000000000000000E+01 -0.2886751345948128655E+00  0.4637199534360005870E+00    9  0.0  0.159636134E+01
  0.1500000000000000000E+01 -0.2886751345948128655E+00  0.4637199534360005870E+00    9  0.0  0.159636134E+01
 -0.5000000000000000000E+00  0.1443375672974064106E+01  0.4637199534360005870E+00    9  0.0  0.159636134E+01
  0.5000000000000000000E+00  0.1443375672974064106E+01  0.4637199534360005870E+00    9  0.0  0.159636134E+01
      92
       9       9
  0.0000000000000000000E+00  0.0000000000000000000E+00  0.0000000000000000000E+00    9  0.0  0.000000000E+00
  0.0000000000000000000E+00  0.0000000000000000000E+00  0.6121103385349995207E+00    3 52.0  0.612110339E+00
 -0.5000000000000000000E+00 -0.2886751345948128655E+00 -0.2318599767179998494E+00    1 52.0  0.622167487E+00
  0.5000000000000000000E+00 -0.2886751345948128655E+00 -0.2318599767179998494E+00    1 52.0  0.622167487E+00
  0.0000000000000000000E+00  0.5773502691896257311E+00 -0.2318599767179998494E+00    1 52.0  0.622167487E+00
  0.0000000000000000000E+00 -0.5773502691896257311E+00  0.2318599767179998494E+00    4 83.0  0.622167487E+00
 -0.5000000000000000000E+00  0.2886751345948128655E+00  0.2318599767179998494E+00    4 83.0  0.622167487E+00
  0.5000000000000000000E+00  0.2886751345948128655E+00  0.2318599767179998494E+00    4 83.0  0.622167487E+00
  0.0000000000000000000E+00  0.0000000000000000000E+00 -0.6955799301530003476E+00    5 83.0  0.695579930E+00
  0.0000000000000000000E+00 -0.5773502691896257311E+00 -0.4637199534360005870E+00    8  0.0  0.740519769E+00
 -0.5000000000000000000E+00  0.2886751345948128655E+00 -0.4637199534360005870E+00    8  0.0  0.740519769E+00
  0.5000000000000000000E+00  0.2886751345948128655E+00 -0.4637199534360005870E+00    8  0.0  0.740519769E+00
 -0.5000000000000000000E+00 -0.2886751345948128655E+00  0.4637199534359996989E+00    6  0.0  0.740519769E+00
  0.5000000000000000000E+00 -0.2886751345948128655E+00  0.4637199534359996989E+00    6  0.0  0.740519769E+00
  0.0000000000000000000E+00  0.5773502691896257311E+00  0.4637199534359996989E+00    6  0.0  0.740519769E+00
 -0.5000000000000000000E+00 -0.8660254037844385966E+00  0.0000000000000000000E+00    9  0.0  0.100000000E+01
  0.5000000000000000000E+00 -0.8660254037844385966E+00  0.0000000000000000000E+00    9  0.0  0.100000000E+01
 -0.1000000000000000000E+01  0.0000000000000000000E+00  0.0000000000000000000E+00    9  0.0  0.100000000E+01
  0.1000000000000000000E+01  0.0000000000000000000E+00  0.0000000000000000000E+00    9  0.0  0.100000000E+01
 -0.5000000000000000000E+00  0.8660254037844385966E+00  0.0000000000000000000E+00    9  0.0  0.100000000E+01
  0.5000000000000000000E+00  0.8660254037844385966E+00  0.0000000000000000000E+00    9  0.0  0.100000000E+01
 -0.5000000000000000000E+00 -0.2886751345948128655E+00 -0.9274399068710001970E+00    7  0.0  0.109246424E+01
  0.5000000000000000000E+00 -0.2886751345948128655E+00 -0.9274399068710001970E+00    7  0.0  0.109246424E+01
  0.0000000000000000000E+00  0.5773502691896257311E+00 -0.9274399068710001970E+00    7  0.0  0.109246424E+01
  0.0000000000000000000E+00 -0.5773502691896257311E+00  0.9274399068719993977E+00   10  0.0  0.109246424E+01
 -0.5000000000000000000E+00  0.2886751345948128655E+00  0.9274399068719993977E+00   10  0.0  0.109246424E+01
  0.5000000000000000000E+00  0.2886751345948128655E+00  0.9274399068719993977E+00   10  0.0  0.109246424E+01
 -0.5000000000000000000E+00 -0.8660254037844385966E+00  0.6121103385349995207E+00    3 52.0  0.117246709E+01
  0.5000000000000000000E+00 -0.8660254037844385966E+00  0.6121103385349995207E+00    3 52.0  0.117246709E+01
 -0.1000000000000000000E+01  0.0000000000000000000E+00  0.6121103385349995207E+00    3 52.0  0.117246709E+01
  0.1000000000000000000E+01  0.0000000000000000000E+00  0.6121103385349995207E+00    3 52.0  0.117246709E+01
 -0.5000000000000000000E+00  0.8660254037844385966E+00  0.6121103385349995207E+00    3 52.0  0.117246709E+01
  0.5000000000000000000E+00  0.8660254037844385966E+00  0.6121103385349995207E+00    3 52.0  0.117246709E+01
  0.0000000000000000000E+00 -0.1154700538379251462E+01 -0.2318599767179998494E+00    1 52.0  0.117774886E+01
 -0.1000000000000000000E+01  0.5773502691896257311E+00 -0.2318599767179998494E+00    1 52.0  0.117774886E+01
  0.1000000000000000000E+01  0.5773502691896257311E+00 -0.2318599767179998494E+00    1 52.0  0.117774886E+01
 -0.1000000000000000000E+01 -0.5773502691896257311E+00  0.2318599767179998494E+00    4 83.0  0.117774886E+01
  0.1000000000000000000E+01 -0.5773502691896257311E+00  0.2318599767179998494E+00    4 83.0  0.117774886E+01
  0.0000000000000000000E+00  0.1154700538379251462E+01  0.2318599767179998494E+00    4 83.0  0.117774886E+01
 -0.5000000000000000000E+00 -0.8660254037844385966E+00 -0.6955799301530003476E+00    5 83.0  0.121812620E+01
  0.5000000000000000000E+00 -0.8660254037844385966E+00 -0.6955799301530003476E+00    5 83.0  0.121812620E+01
 -0.1000000000000000000E+01  0.0000000000000000000E+00 -0.6955799301530003476E+00    5 83.0  0.121812620E+01
  0.1000000000000000000E+01  0.0000000000000000000E+00 -0.6955799301530003476E+00    5 83.0  0.121812620E+01
 -0.5000000000000000000E+00  0.8660254037844385966E+00 -0.6955799301530003476E+00    5 83.0  0.121812620E+01
  0.5000000000000000000E+00  0.8660254037844385966E+00 -0.6955799301530003476E+00    5 83.0  0.121812620E+01
  0.0000000000000000000E+00 -0.5773502691896257311E+00 -0.1075830291971000108E+01    2 52.0  0.122096034E+01
 -0.5000000000000000000E+00  0.2886751345948128655E+00 -0.1075830291971000108E+01    2 52.0  0.122096034E+01
  0.5000000000000000000E+00  0.2886751345948128655E+00 -0.1075830291971000108E+01    2 52.0  0.122096034E+01
 -0.1000000000000000000E+01 -0.5773502691896257311E+00 -0.4637199534360005870E+00    8  0.0  0.124433497E+01
  0.1000000000000000000E+01 -0.5773502691896257311E+00 -0.4637199534360005870E+00    8  0.0  0.124433497E+01
  0.0000000000000000000E+00  0.1154700538379251462E+01 -0.4637199534360005870E+00    8  0.0  0.124433497E+01
  0.0000000000000000000E+00 -0.1154700538379251462E+01  0.4637199534359996989E+00    6  0.0  0.124433497E+01
 -0.1000000000000000000E+01  0.5773502691896257311E+00  0.4637199534359996989E+00    6  0.0  0.124433497E+01
  0.1000000000000000000E+01  0.5773502691896257311E+00  0.4637199534359996989E+00    6  0.0  0.124433497E+01
 -0.5000000000000000000E+00 -0.2886751345948128655E+00  0.1242769475208000074E+01    2 52.0  0.137033182E+01
  0.5000000000000000000E+00 -0.2886751345948128655E+00  0.1242769475208000074E+01    2 52.0  0.137033182E+01
  0.0000000000000000000E+00  0.5773502691896257311E+00  0.1242769475208000074E+01    2 52.0  0.137033182E+01
  0.0000000000000000000E+00  0.0000000000000000000E+00 -0.1391159860307000784E+01   10  0.0  0.139115986E+01
  0.0000000000000000000E+00  0.0000000000000000000E+00  0.1391159860307999985E+01    7  0.0  0.139115986E+01
  0.0000000000000000000E+00 -0.1154700538379251462E+01 -0.9274399068710001970E+00    7  0.0  0.148103954E+01
 -0.1000000000000000000E+01  0.5773502691896257311E+00 -0.9274399068710001970E+00    7  0.0  0.148103954E+01
  0.1000000000000000000E+01  0.5773502691896257311E+00 -0.9274399068710001970E+00    7  0.0  0.148103954E+01
 -0.1000000000000000000E+01 -0.5773502691896257311E+00  0.9274399068719993977E+00   10  0.0  0.148103954E+01
  0.1000000000000000000E+01 -0.5773502691896257311E+00  0.9274399068719993977E+00   10  0.0  0.148103954E+01
  0.0000000000000000000E+00  0.1154700538379251462E+01  0.9274399068719993977E+00   10  0.0  0.148103954E+01
 -0.1000000000000000000E+01 -0.1154700538379251462E+01 -0.2318599767179998494E+00    1 52.0  0.154502181E+01
  0.1000000000000000000E+01 -0.1154700538379251462E+01 -0.2318599767179998494E+00    1 52.0  0.154502181E+01
 -0.1500000000000000000E+01 -0.2886751345948128655E+00 -0.2318599767179998494E+00    1 52.0  0.154502181E+01
  0.1500000000000000000E+01 -0.2886751345948128655E+00 -0.2318599767179998494E+00    1 52.0  0.154502181E+01
 -0.5000000000000000000E+00  0.1443375672974064328E+01 -0.2318599767179998494E+00    1 52.0  0.154502181E+01
  0.5000000000000000000E+00  0.1443375672974064328E+01 -0.2318599767179998494E+00    1 52.0  0.154502181E+01
 -0.5000000000000000000E+00 -0.1443375672974064328E+01  0.2318599767179998494E+00    4 83.0  0.154502181E+01
  0.5000000000000000000E+00 -0.1443375672974064328E+01  0.2318599767179998494E+00    4 83.0  0.154502181E+01
 -0.1500000000000000000E+01  0.2886751345948128655E+00  0.2318599767179998494E+00    4 83.0  0.154502181E+01
  0.1500000000000000000E+01  0.2886751345948128655E+00  0.2318599767179998494E+00    4 83.0  0.154502181E+01
 -0.1000000000000000000E+01  0.1154700538379251462E+01  0.2318599767179998494E+00    4 83.0  0.154502181E+01
  0.1000000000000000000E+01  0.1154700538379251462E+01  0.2318599767179998494E+00    4 83.0  0.154502181E+01
 -0.1000000000000000000E+01 -0.5773502691896257311E+00 -0.1075830291971000108E+01    2 52.0  0.157820916E+01
  0.1000000000000000000E+01 -0.5773502691896257311E+00 -0.1075830291971000108E+01    2 52.0  0.157820916E+01
  0.0000000000000000000E+00  0.1154700538379251462E+01 -0.1075830291971000108E+01    2 52.0  0.157820916E+01
 -0.5000000000000000000E+00 -0.1443375672974064106E+01 -0.4637199534360005870E+00    8  0.0  0.159636134E+01
  0.5000000000000000000E+00 -0.1443375672974064106E+01 -0.4637199534360005870E+00    8  0.0  0.159636134E+01
 -0.1500000000000000000E+01  0.2886751345948128655E+00 -0.4637199534360005870E+00    8  0.0  0.159636134E+01
  0.1500000000000000000E+01  0.2886751345948128655E+00 -0.4637199534360005870E+00    8  0.0  0.159636134E+01
 -0.1000000000000000000E+01  0.1154700538379251462E+01 -0.4637199534360005870E+00    8  0.0  0.159636134E+01
  0.1000000000000000000E+01  0.1154700538379251462E+01 -0.4637199534360005870E+00    8  0.0  0.159636134E+01
 -0.1000000000000000000E+01 -0.1154700538379251462E+01  0.4637199534359996989E+00    6  0.0  0.159636134E+01
  0.1000000000000000000E+01 -0.1154700538379251462E+01  0.4637199534359996989E+00    6  0.0  0.159636134E+01
 -0.1500000000000000000E+01 -0.2886751345948128655E+00  0.4637199534359996989E+00    6  0.0  0.159636134E+01
  0.1500000000000000000E+01 -0.2886751345948128655E+00  0.4637199534359996989E+00    6  0.0  0.159636134E+01
 -0.5000000000000000000E+00  0.1443375672974064328E+01  0.4637199534359996989E+00    6  0.0  0.159636134E+01
  0.5000000000000000000E+00  0.1443375672974064328E+01  0.4637199534359996989E+00    6  0.0  0.159636134E+01
      89
      10      10
  0.0000000000000000000E+00  0.0000000000000000000E+00  0.0000000000000000000E+00   10  0.0  0.000000000E+00
 -0.5000000000000000000E+00 -0.2886751345948128655E+00 -0.3153295683369998770E+00    3 52.0  0.657849580E+00
  0.5000000000000000000E+00 -0.2886751345948128655E+00 -0.3153295683369998770E+00    3 52.0  0.657849580E+00
  0.0000000000000000000E+00  0.5773502691896257311E+00 -0.3153295683369998770E+00    3 52.0  0.657849580E+00
  0.0000000000000000000E+00 -0.5773502691896257311E+00  0.3153295683360006763E+00    2 52.0  0.657849580E+00
 -0.5000000000000000000E+00  0.2886751345948128655E+00  0.3153295683360006763E+00    2 52.0  0.657849580E+00
  0.5000000000000000000E+00  0.2886751345948128655E+00  0.3153295683360006763E+00    2 52.0  0.657849580E+00
  0.0000000000000000000E+00  0.0000000000000000000E+00 -0.6955799301539995483E+00    4 83.0  0.695579930E+00
  0.0000000000000000000E+00  0.0000000000000000000E+00  0.6955799301540004365E+00    5 83.0  0.695579930E+00
  0.0000000000000000000E+00 -0.5773502691896257311E+00 -0.4637199534359996989E+00    6  0.0  0.740519769E+00
 -0.5000000000000000000E+00  0.2886751345948128655E+00 -0.4637199534359996989E+00    6  0.0  0.740519769E+00
  0.5000000000000000000E+00  0.2886751345948128655E+00 -0.4637199534359996989E+00    6  0.0  0.740519769E+00
 -0.5000000000000000000E+00 -0.2886751345948128655E+00  0.4637199534360005870E+00    7  0.0  0.740519769E+00
  0.5000000000000000000E+00 -0.2886751345948128655E+00  0.4637199534360005870E+00    7  0.0  0.740519769E+00
  0.0000000000000000000E+00  0.5773502691896257311E+00  0.4637199534360005870E+00    7  0.0  0.740519769E+00
 -0.5000000000000000000E+00 -0.8660254037844385966E+00  0.0000000000000000000E+00   10  0.0  0.100000000E+01
  0.5000000000000000000E+00 -0.8660254037844385966E+00  0.0000000000000000000E+00   10  0.0  0.100000000E+01
 -0.1000000000000000000E+01  0.0000000000000000000E+00  0.0000000000000000000E+00   10  0.0  0.100000000E+01
  0.1000000000000000000E+01  0.0000000000000000000E+00  0.0000000000000000000E+00   10  0.0  0.100000000E+01
 -0.5000000000000000000E+00  0.8660254037844385966E+00  0.0000000000000000000E+00   10  0.0  0.100000000E+01
  0.5000000000000000000E+00  0.8660254037844385966E+00  0.0000000000000000000E+00   10  0.0  0.100000000E+01
 -0.5000000000000000000E+00 -0.2886751345948128655E+00 -0.9274399068719993977E+00    9  0.0  0.109246424E+01
  0.5000000000000000000E+00 -0.2886751345948128655E+00 -0.9274399068719993977E+00    9  0.0  0.109246424E+01
  0.0000000000000000000E+00  0.5773502691896257311E+00 -0.9274399068719993977E+00    9  0.0  0.109246424E+01
  0.0000000000000000000E+00 -0.5773502691896257311E+00  0.9274399068710001970E+00    8  0.0  0.109246424E+01
 -0.5000000000000000000E+00  0.2886751345948128655E+00  0.9274399068710001970E+00    8  0.0  0.109246424E+01
  0.5000000000000000000E+00  0.2886751345948128655E+00  0.9274399068710001970E+00    8  0.0  0.109246424E+01
  0.0000000000000000000E+00 -0.1154700538379251462E+01 -0.3153295683369998770E+00    3 52.0  0.119698207E+01
 -0.1000000000000000000E+01  0.5773502691896257311E+00 -0.3153295683369998770E+00    3 52.0  0.119698207E+01
  0.1000000000000000000E+01  0.5773502691896257311E+00 -0.3153295683369998770E+00    3 52.0  0.119698207E+01
 -0.1000000000000000000E+01 -0.5773502691896257311E+00  0.3153295683360006763E+00    2 52.0  0.119698207E+01
  0.1000000000000000000E+01 -0.5773502691896257311E+00  0.3153295683360006763E+00    2 52.0  0.119698207E+01
  0.0000000000000000000E+00  0.1154700538379251462E+01  0.3153295683360006763E+00    2 52.0  0.119698207E+01
 -0.5000000000000000000E+00 -0.8660254037844385966E+00 -0.6955799301539995483E+00    4 83.0  0.121812620E+01
  0.5000000000000000000E+00 -0.8660254037844385966E+00 -0.6955799301539995483E+00    4 83.0  0.121812620E+01
 -0.1000000000000000000E+01  0.0000000000000000000E+00 -0.6955799301539995483E+00    4 83.0  0.121812620E+01
  0.1000000000000000000E+01  0.0000000000000000000E+00 -0.6955799301539995483E+00    4 83.0  0.121812620E+01
 -0.5000000000000000000E+00  0.8660254037844385966E+00 -0.6955799301539995483E+00    4 83.0  0.121812620E+01
  0.5000000000000000000E+00  0.8660254037844385966E+00 -0.6955799301539995483E+00    4 83.0  0.121812620E+01
 -0.5000000000000000000E+00 -0.8660254037844385966E+00  0.6955799301540004365E+00    5 83.0  0.121812620E+01
  0.5000000000000000000E+00 -0.8660254037844385966E+00  0.6955799301540004365E+00    5 83.0  0.121812620E+01
 -0.1000000000000000000E+01  0.0000000000000000000E+00  0.6955799301540004365E+00    5 83.0  0.121812620E+01
  0.1000000000000000000E+01  0.0000000000000000000E+00  0.6955799301540004365E+00    5 83.0  0.121812620E+01
 -0.5000000000000000000E+00  0.8660254037844385966E+00  0.6955799301540004365E+00    5 83.0  0.121812620E+01
  0.5000000000000000000E+00  0.8660254037844385966E+00  0.6955799301540004365E+00    5 83.0  0.121812620E+01
 -0.1000000000000000000E+01 -0.5773502691896257311E+00 -0.4637199534359996989E+00    6  0.0  0.124433497E+01
  0.1000000000000000000E+01 -0.5773502691896257311E+00 -0.4637199534359996989E+00    6  0.0  0.124433497E+01
  0.0000000000000000000E+00  0.1154700538379251462E+01 -0.4637199534359996989E+00    6  0.0  0.124433497E+01
  0.0000000000000000000E+00 -0.1154700538379251462E+01  0.4637199534360005870E+00    7  0.0  0.124433497E+01
 -0.1000000000000000000E+01  0.5773502691896257311E+00  0.4637199534360005870E+00    7  0.0  0.124433497E+01
  0.1000000000000000000E+01  0.5773502691896257311E+00  0.4637199534360005870E+00    7  0.0  0.124433497E+01
  0.0000000000000000000E+00 -0.5773502691896257311E+00 -0.1159299883589999247E+01    1 52.0  0.129510986E+01
 -0.5000000000000000000E+00  0.2886751345948128655E+00 -0.1159299883589999247E+01    1 52.0  0.129510986E+01
  0.5000000000000000000E+00  0.2886751345948128655E+00 -0.1159299883589999247E+01    1 52.0  0.129510986E+01
 -0.5000000000000000000E+00 -0.2886751345948128655E+00  0.1159299883589000935E+01    1 52.0  0.129510986E+01
  0.5000000000000000000E+00 -0.2886751345948128655E+00  0.1159299883589000935E+01    1 52.0  0.129510986E+01
  0.0000000000000000000E+00  0.5773502691896257311E+00  0.1159299883589000935E+01    1 52.0  0.129510986E+01
  0.0000000000000000000E+00  0.0000000000000000000E+00 -0.1391159860308000873E+01    8  0.0  0.139115986E+01
  0.0000000000000000000E+00  0.0000000000000000000E+00  0.1391159860307000784E+01    9  0.0  0.139115986E+01
  0.0000000000000000000E+00 -0.1154700538379251462E+01 -0.9274399068719993977E+00    9  0.0  0.148103954E+01
 -0.1000000000000000000E+01  0.5773502691896257311E+00 -0.9274399068719993977E+00    9  0.0  0.148103954E+01
  0.1000000000000000000E+01  0.5773502691896257311E+00 -0.9274399068719993977E+00    9  0.0  0.148103954E+01
 -0.1000000000000000000E+01 -0.5773502691896257311E+00  0.9274399068710001970E+00    8  0.0  0.148103954E+01
  0.1000000000000000000E+01 -0.5773502691896257311E+00  0.9274399068710001970E+00    8  0.0  0.148103954E+01
  0.0000000000000000000E+00  0.1154700538379251462E+01  0.9274399068710001970E+00    8  0.0  0.148103954E+01
 -0.1000000000000000000E+01 -0.1154700538379251462E+01 -0.3153295683369998770E+00    3 52.0  0.155973269E+01
  0.1000000000000000000E+01 -0.1154700538379251462E+01 -0.3153295683369998770E+00    3 52.0  0.155973269E+01
 -0.1500000000000000000E+01 -0.2886751345948128655E+00 -0.3153295683369998770E+00    3 52.0  0.155973269E+01
  0.1500000000000000000E+01 -0.2886751345948128655E+00 -0.3153295683369998770E+00    3 52.0  0.155973269E+01
 -0.5000000000000000000E+00  0.1443375672974064328E+01 -0.3153295683369998770E+00    3 52.0  0.155973269E+01
  0.5000000000000000000E+00  0.1443375672974064328E+01 -0.3153295683369998770E+00    3 52.0  0.155973269E+01
 -0.5000000000000000000E+00 -0.1443375672974064106E+01  0.3153295683360006763E+00    2 52.0  0.155973269E+01
  0.5000000000000000000E+00 -0.1443375672974064106E+01  0.3153295683360006763E+00    2 52.0  0.155973269E+01
 -0.1500000000000000000E+01  0.2886751345948128655E+00  0.3153295683360006763E+00    2 52.0  0.155973269E+01
  0.1500000000000000000E+01  0.2886751345948128655E+00  0.3153295683360006763E+00    2 52.0  0.155973269E+01
 -0.1000000000000000000E+01  0.1154700538379251462E+01  0.3153295683360006763E+00    2 52.0  0.155973269E+01
  0.1000000000000000000E+01  0.1154700538379251462E+01  0.3153295683360006763E+00    2 52.0  0.155973269E+01
 -0.5000000000000000000E+00 -0.1443375672974064106E+01 -0.4637199534359996989E+00    6  0.0  0.159636134E+01
  0.5000000000000000000E+00 -0.1443375672974064106E+01 -0.4637199534359996989E+00    6  0.0  0.159636134E+01
 -0.1500000000000000000E+01  0.2886751345948128655E+00 -0.4637199534359996989E+00    6  0.0  0.159636134E+01
  0.1500000000000000000E+01  0.2886751345948128655E+00 -0.4637199534359996989E+00    6  0.0  0.159636134E+01
 -0.1000000000000000000E+01  0.1154700538379251462E+01 -0.4637199534359996989E+00    6  0.0  0.159636134E+01
  0.1000000000000000000E+01  0.1154700538379251462E+01 -0.4637199534359996989E+00    6  0.0  0.159636134E+01
 -0.1000000000000000000E+01 -0.1154700538379251462E+01  0.4637199534360005870E+00    7  0.0  0.159636134E+01
  0.1000000000000000000E+01 -0.1154700538379251462E+01  0.4637199534360005870E+00    7  0.0  0.159636134E+01
 -0.1500000000000000000E+01 -0.2886751345948128655E+00  0.4637199534360005870E+00    7  0.0  0.159636134E+01
  0.1500000000000000000E+01 -0.2886751345948128655E+00  0.4637199534360005870E+00    7  0.0  0.159636134E+01
 -0.5000000000000000000E+00  0.1443375672974064328E+01  0.4637199534360005870E+00    7  0.0  0.159636134E+01
  0.5000000000000000000E+00  0.1443375672974064328E+01  0.4637199534360005870E+00    7  0.0  0.159636134E+01
